-5965.33,-15.5726,-173.268,-51.8134,-23.1847,-33.0906,-15.7946,-162.197,-101.677,-201.512,-10.93,-39.611,-32.2703,-83.8228,-31.9071,-1230.8,-162.09,-28.9033,-270.414,-44.8777,-44.5137,-1194.87,-58.2066,-104.649,-63.6059,-1162.9,-77.3655,-147,-180.763,-296.699,-119.729,-1226.65,-281.123,-1191.73,-198.373,-162.007,-1226.76,-160.373,-1130.92,-158.956,-12.8946,-264.536,-13.9053,-195.162,-1193.37,-292.551,-12.9025,-1161.43,-160.081,-13.5655,-198.409,-1129.48,-161.72,-158.739,-161.342,-14.0667,-1159.82,-1098.92,-1066.92,-158.442,-159.698,-44.112,-1001.3,-269.309,-160.872,-1034.9,-17.0593,-199.964,-262.971,-25.7084,-160.274,-190.383,-14.5706,-83.583,-154.061,-14.1939,-14.9719,-10.725,-10.9425
-15.5726,-5965.33,-16.893,-23.6879,-8.10352,-33.9441,-9.42833,-15.8581,-17.9437,-14.8859,-8.23734,-10.8242,-9.76472,-19.3222,-9.78746,-14.5177,-15.9424,-40.3246,-15.1573,-25.8766,-11.1438,-14.2119,-12.18,-14.0039,-21.3298,-13.922,-13.0328,-17.1756,-14.7683,-15.8853,-14.0066,-14.6703,-15.5414,-14.5602,-14.4814,-16.6204,-14.8593,-16.4463,-13.6142,-16.1552,-5.34658,-16.5524,0,-14.0764,-14.3861,-15.4216,-9.2987,-14.0962,-16.5454,-10.6149,-14.7223,-13.7883,-16.7195,-16.2721,-16.8085,-9.42406,-14.2703,-13.2872,-12.9395,-16.3712,-16.6344,-11.1452,-12.3457,-16.9819,-16.8875,-12.5696,-8.89338,-14.8053,-16.6408,-36.6961,-16.9603,-13.5882,-287.875,-11.8076,-15.3831,-8.38277,-4.96122,-7.65551,0
-173.268,-16.893,-5965.33,-74.4698,-20.4459,-41.0241,-17.2498,-172.737,-248.77,-165.195,-12.6526,-31.935,-26.9836,-164.982,-26.776,-173.966,-171.503,-34.8311,-104.267,-61.1778,-34.9822,-173.614,-42.8561,-64.2706,-102.285,-173.2,-52.7037,-1121.91,-86.5713,-415.371,-69.1081,-175.677,-104.944,-177.079,-161.17,-167.89,-177.424,-166.158,-172.692,-165.386,-10.7004,-180.873,-13.1135,-157.141,-175.346,-105.82,-14.7924,-174.933,-165.152,-12.3556,-165.386,-174.425,-166.885,-164.425,-165.776,-15.7524,-176.665,-172.089,-171.388,-163.419,-164.044,-43.8984,-171.417,-185.147,-164.563,-170.59,-14.8896,-165.299,-180.857,-30.9456,-163.168,-153.19,-16.9426,-73.844,-2125.25,-12.329,-15.0861,-8.93237,-13.2458
-51.8134,-23.6879,-74.4698,-5965.33,-15.7905,-93.186,-17.0393,-51.7462,-106.557,-49.412,-13.67,-22.1027,-19.5057,-137.218,-19.4484,-51.7339,-51.4321,-67.4302,-43.0237,-364.311,-23.456,-51.5621,-26.7866,-34.1737,-272.903,-51.3785,-30.4806,-81.126,-39.3877,-63.414,-35.1377,-52.2453,-42.9851,-52.6073,-48.198,-50.6488,-52.7757,-50.1262,-51.1658,-49.8285,-8.72119,-54.1662,-10.2291,-46.9826,-52.0847,-42.8675,-15.7197,-51.9011,-49.8847,-11.7184,-49.4202,-51.6885,-50.4073,-49.6036,-50.1359,-16.2125,-52.4237,-50.9237,-50.6515,-49.3621,-49.6133,-31.7329,-50.5348,-55.4553,-49.8341,-50.349,-12.3318,-49.4187,-54.1862,-53.6448,-49.4823,-45.766,-22.4616,-38.7802,-77.1486,-10.5198,-12.5437,-8.00358,-16.6138
-23.1847,-8.10352,-20.4459,-15.7905,-5965.33,-13.3137,-11.2348,-23.0601,-18.9148,-24.2097,-6.38362,-56.4072,-82.2955,-18.0047,-86.0778,-23.2797,-23.0702,-12.4554,-25.0905,-14.9548,-48.7236,-23.2823,-38.5676,-29.2349,-16.7056,-23.2714,-33.04,-19.7245,-26.3,-21.3671,-28.6348,-23.0467,-24.5515,-22.8149,-24.7526,-22.3363,-22.8125,-22.57,-23.2479,-22.9861,-15.287,-22.0423,-64.0883,-25.2961,-23.0486,-24.6968,-7.55833,-23.0377,-22.3838,-12.1196,-24.2745,-23.0142,-22.1501,-22.8037,-21.9489,-9.04081,-22.804,-23.2118,-23.1631,-22.6175,-22.1826,-23.4715,-22.7929,-21.4658,-21.7323,-23.1016,-79.0922,-24.2433,-21.9874,-12.2257,-21.4866,-25.8768,-8.99844,-26.3938,-19.8619,-44.6634,-17.3645,-25.0171,-7.58295
-33.0906,-33.9441,-41.0241,-93.186,-13.3137,-5965.33,-15.8978,-33.1235,-49.0778,-31.5823,-13.5187,-17.7682,-15.9693,-55.2478,-15.9572,-32.7997,-32.97,-252.014,-29.3365,-126.154,-18.5999,-32.6349,-20.6793,-24.9737,-69.7317,-32.468,-22.8661,-43.2389,-27.5491,-37.4331,-25.3394,-33.1229,-29.3599,-33.3035,-30.8057,-32.7152,-33.4649,-32.3809,-32.2818,-32.1388,-7.64102,-34.6437,-8.39322,-30.0282,-32.9692,-29.2104,-15.3185,-32.8023,-32.2755,-11.2849,-31.547,-32.6161,-32.6098,-32.0466,-32.486,-15.5257,-33.1366,-32.0759,-31.85,-31.9412,-32.1516,-23.778,-31.6679,-35.4683,-32.3433,-31.6036,-11.0433,-31.5663,-34.6767,-129.409,-32.1723,-29.2297,-29.8975,-26.1534,-41.4222,-9.65527,-10.4803,-7.69978,-20.0492
-15.7946,-9.42833,-17.2498,-17.0393,-11.2348,-15.8978,-5965.33,-15.1631,-18.0892,-15.2389,-113.841,-11.9783,-11.7206,-17.7056,-11.7807,-17.792,-14.7381,-15.484,-13.8858,-16.9329,-12.1804,-18.2308,-12.2426,-12.7482,-17.6943,-18.6212,-12.8165,-18.019,-13.0446,-17.7768,-12.675,-17.8881,-12.8501,-18.3573,-15.0561,-12.7275,-17.9283,-12.6591,-19.0116,-13.0047,0,-15.6767,-10.8286,-14.8607,-18.295,-12.7881,-710.194,-18.6854,-12.2687,-5.45964,-15.5751,-19.0759,-12.3371,-12.5886,-11.9467,-542.373,-18.7477,-19.402,-19.7924,-12.1981,-11.8782,-24.4757,-20.6411,-15.8117,-11.5563,-20.1828,-5.63508,-15.407,-15.5126,-19.9079,-11.1445,-14.8191,-20.021,-18.0565,-20.0511,-4.247,-203.971,-2.27222,-20.9674
-162.197,-15.8581,-172.737,-51.7462,-23.0601,-33.1235,-15.1631,-5965.33,-101.243,-264.256,-10.3732,-39.6436,-32.2327,-83.5568,-31.8666,-162.184,-1368.47,-28.9497,-271.244,-44.8298,-44.5628,-161.964,-58.3749,-105.097,-63.423,-161.674,-77.5929,-146.338,-181.571,-295.325,-120.267,-160.543,-282.685,-158.697,-268.745,-1202.86,-158.922,-1201.35,-161.293,-1233.93,-13.5925,-201.632,-13.3993,-273.185,-160.331,-294.195,-12.2823,-160.036,-1169.2,-14.1211,-260.836,-159.65,-1170.67,-1199.71,-1138.47,-13.4525,-158.397,-160.82,-160.253,-1167.59,-1137.03,-42.474,-157.161,-198.291,-1106.26,-159.59,-17.3664,-262.554,-199.99,-25.4162,-1072.28,-275.811,-14.1078,-80.492,-152.608,-14.5794,-14.3789,-11.3041,-10.1597
-101.677,-17.9437,-248.77,-106.557,-18.9148,-49.0778,-18.0892,-101.243,-5965.33,-96.8846,-13.7598,-28.1387,-24.2354,-498.984,-24.0949,-102.467,-100.439,-40.4989,-72.673,-81.5109,-30.4359,-102.345,-36.1629,-50.4988,-176.012,-102.178,-43.0489,-324.316,-63.2186,-156.641,-53.1918,-103.479,-72.5832,-104.383,-94.5179,-97.9053,-104.503,-96.8864,-101.956,-96.5199,-9.44755,-106.072,-12.6119,-92.1483,-103.364,-72.7674,-15.9829,-103.197,-96.2117,-11.5885,-97.0625,-102.974,-97.2305,-95.8676,-96.4937,-16.782,-104.216,-101.678,-101.344,-95.1928,-95.4746,-42.0497,-101.52,-108.585,-95.6934,-100.954,-13.6625,-96.9786,-106.03,-35.7124,-94.7786,-89.8574,-18.7786,-62.5289,-284.184,-11.2631,-15.0209,-7.8905,-14.9372
-201.512,-14.8859,-165.195,-49.412,-24.2097,-31.5823,-15.2389,-264.256,-96.8846,-5965.33,-10.0628,-41.4545,-33.7636,-79.8748,-33.3675,-238.64,-226.213,-27.5773,-283.14,-42.7805,-46.6113,-242.241,-60.9953,-109.636,-60.5885,-245.379,-81.0374,-139.92,-189.479,-282.529,-125.56,-237.09,-294.712,-238.547,-5965.33,-205.076,-235.086,-203.706,-248.454,-206.777,-13.8761,-158.737,-14.5351,-5965.33,-240.4,-306.838,-12.05,-243.51,-199.438,-13.9848,-5965.33,-246.558,-200.781,-202.324,-196.422,-13.3599,-241.63,-251.464,-254.411,-198.083,-195.105,-43.6367,-258.126,-158.329,-192,-257.293,-18.0293,-5965.33,-157.127,-24.3832,-187.266,-5965.33,-13.6014,-82.9064,-146.232,-15.1056,-15.0435,-11.6644,-9.90036
-10.93,-8.23734,-12.6526,-13.67,-6.38362,-13.5187,-113.841,-10.3732,-13.7598,-10.0628,-5965.33,-6.98473,-6.67459,-13.6472,-6.78684,-12.7177,-9.96322,-13.5084,-9.05916,-13.8906,-7.09306,-13.1022,-7.21194,-7.9177,-14.0339,-13.4443,-7.81842,-13.5721,-8.2032,-13.0197,-7.73614,-12.8784,-8.18037,-13.3643,-9.69024,-8.20125,-12.9884,-8.06104,-13.7864,-8.28161,0,-11.1641,-4.47711,-9.29014,-13.235,-8.05398,-144.1,-13.5771,-7.71892,0,-10.3573,-13.9192,-7.85913,-7.91691,-7.517,-151.372,-13.7064,-14.1286,-14.4707,-7.57476,-7.37669,-14.4055,-15.2909,-11.4528,-7.17488,-14.8128,-2.49748,-10.21,-11.0254,-18.5899,-6.81401,-9.00367,-20.9111,-10.1048,-15.3924,-1.51502,0,0,0
-39.611,-10.8242,-31.935,-22.1027,-56.4072,-17.7682,-11.9783,-39.6436,-28.1387,-41.4545,-6.98473,-5965.33,-184.799,-26.4211,-166.329,-39.0101,-39.8157,-16.396,-46.6399,-20.6042,-340.523,-38.843,-123.556,-63.9492,-23.8353,-38.6705,-82.0453,-30.306,-51.1859,-34.1942,-59.9395,-38.5991,-45.9979,-38.0433,-42.3833,-39.3778,-38.2069,-39.7777,-38.4753,-40.3157,-17.8693,-37.8119,-24.7533,-43.3132,-38.4431,-46.0939,-8.37312,-38.2706,-39.6252,-14.7943,-41.4343,-38.0754,-39.2254,-40.1776,-39.0505,-9.84328,-37.8708,-38.257,-38.0153,-40.0251,-39.4503,-30.6817,-37.0571,-36.8256,-38.8528,-37.7497,-33.0336,-41.4464,-37.7837,-15.0197,-38.6193,-44.2411,-9.68208,-40.0433,-30.0295,-25.4213,-15.7857,-18.8651,-7.10755
-32.2703,-9.76472,-26.9836,-19.5057,-82.2955,-15.9693,-11.7206,-32.2327,-24.2354,-33.7636,-6.67459,-184.799,-5965.33,-22.8843,-1546.96,-31.9784,-32.334,-14.8099,-36.6932,-18.291,-120.04,-31.887,-73.5899,-46.6976,-20.8706,-31.7865,-56.1783,-25.7595,-39.4842,-28.586,-44.7086,-31.6435,-36.1142,-31.2289,-34.5279,-31.7632,-31.3185,-32.0923,-31.6679,-32.5793,-17.1763,-30.7491,-31.7609,-35.2932,-31.558,-36.2535,-8.00419,-31.4575,-31.9246,-13.9347,-33.7814,-31.3388,-31.5956,-32.4213,-31.4089,-9.51591,-31.1285,-31.5308,-31.3751,-32.2536,-31.7378,-28.1657,-30.6759,-29.9375,-31.2027,-31.2006,-40.1569,-33.7742,-30.7087,-13.8815,-30.9638,-36.0739,-9.36863,-34.5303,-25.6486,-29.3246,-16.4859,-20.6342,-7.2576
-83.8228,-19.3222,-164.982,-137.218,-18.0047,-55.2478,-17.7056,-83.5568,-498.984,-79.8748,-13.6472,-26.4211,-22.8843,-5965.33,-22.7689,-84.1857,-82.9489,-44.8085,-62.9756,-98.8865,-28.4377,-84.0183,-33.4496,-45.5683,-276.459,-83.8206,-39.3337,-196.839,-55.6641,-118.532,-47.6589,-85.0222,-62.9225,-85.7117,-77.908,-81.1603,-85.8759,-80.3136,-83.5767,-79.9414,-9.34733,-87.5353,-11.8269,-75.9388,-84.865,-62.9733,-15.8119,-84.6673,-79.8175,-11.7577,-79.9721,-84.4234,-80.6642,-79.4669,-80.1179,-16.5291,-85.514,-83.2861,-82.9483,-78.9708,-79.271,-39.1218,-82.9714,-89.6239,-79.5202,-82.5628,-13.3412,-79.9276,-87.5255,-38.6825,-78.833,-74.0097,-19.4725,-55.1429,-180.016,-11.1235,-14.2196,-8.04666,-15.1769
-31.9071,-9.78746,-26.776,-19.4484,-86.0778,-15.9572,-11.7807,-31.8666,-24.0949,-33.3675,-6.78684,-166.329,-1546.96,-22.7689,-5965.33,-31.633,-31.9634,-14.8095,-36.1648,-18.2513,-112.389,-31.5462,-70.8764,-45.7172,-20.7921,-31.4502,-54.6883,-25.581,-38.8436,-28.3366,-43.8432,-31.3054,-35.5954,-30.902,-34.1156,-31.3925,-30.9872,-31.7146,-31.3364,-32.1939,-17.1179,-30.4158,-32.2735,-34.8647,-31.2241,-35.7346,-8.10498,-31.1281,-31.548,-13.8927,-33.3869,-31.0143,-31.2259,-32.0366,-31.0407,-9.59671,-30.806,-31.2047,-31.0547,-31.8701,-31.3627,-28.0394,-30.3753,-29.6213,-30.8363,-30.8863,-40.821,-33.3788,-30.3752,-13.9049,-30.5997,-35.6299,-9.43415,-34.212,-25.4802,-29.5765,-16.5304,-20.6393,-7.35216
-1230.8,-14.5177,-173.966,-51.7339,-23.2797,-32.7997,-17.792,-162.184,-102.467,-238.64,-12.7177,-39.0101,-31.9784,-84.1857,-31.633,-5965.33,-156.868,-28.5911,-264.394,-44.7739,-43.7931,-5965.33,-56.9298,-101.907,-63.8185,-5965.33,-75.6663,-148.231,-175.888,-299.317,-116.477,-5965.33,-272.576,-5965.33,-234.415,-152.209,-5965.33,-150.609,-5965.33,-150.179,-10.6534,-209.829,-15.1396,-230.122,-5965.33,-283.559,-14.886,-5965.33,-149.41,-11.8105,-235.828,-5965.33,-151.01,-149.009,-149.709,-16.0211,-5965.33,-5965.33,-5965.33,-147.809,-148.109,-49.2204,-5965.33,-213.234,-148.306,-5965.33,-15.8023,-237.24,-208.116,-26.4542,-146.711,-224.418,-15.8217,-93.2066,-157.643,-12.663,-16.8027,-8.3798,-12.9613
-162.09,-15.9424,-171.503,-51.4321,-23.0702,-32.97,-14.7381,-1368.47,-100.439,-226.213,-9.96322,-39.8157,-32.334,-82.9489,-31.9634,-156.868,-5965.33,-28.8249,-272.792,-44.5618,-44.7657,-156.061,-58.7059,-105.775,-62.9705,-155.247,-78.0322,-145.139,-182.773,-292.896,-121.069,-155.214,-284.735,-152.861,-229.67,-5965.33,-153.651,-5965.33,-154.339,-5965.33,-14.1043,-225.098,-13.1361,-233.069,-154.461,-296.352,-11.836,-153.647,-5965.33,-14.4913,-222.793,-152.739,-5965.33,-5965.33,-5965.33,-13.0234,-152.047,-153.337,-152.239,-5965.33,-5965.33,-41.466,-148.132,-220.873,-5965.33,-151.042,-17.6259,-224.509,-223.471,-25.0915,-5965.33,-234.644,-13.7158,-78.6116,-150.853,-14.8777,-14.0383,-11.7087,-9.54276
-28.9033,-40.3246,-34.8311,-67.4302,-12.4554,-252.014,-15.484,-28.9497,-40.4989,-27.5773,-13.5084,-16.396,-14.8099,-44.8085,-14.8095,-28.5911,-28.8249,-5965.33,-25.9927,-83.6733,-17.0976,-28.4327,-18.8741,-22.4869,-54.1585,-28.2738,-20.7202,-36.5033,-24.5483,-32.1795,-22.7385,-28.8756,-26.0256,-29.0233,-26.8914,-28.6554,-29.1783,-28.3601,-28.0976,-28.1346,-7.0334,-30.2861,-7.76291,-26.2047,-28.728,-25.8766,-15.1855,-28.5691,-28.278,-10.911,-27.5369,-28.3929,-28.5733,-28.0648,-28.4749,-15.283,-28.8644,-27.9038,-27.6921,-27.9827,-28.1796,-21.4709,-27.5059,-31.0145,-28.3601,-27.462,-10.4955,-27.5586,-30.3199,-279.202,-28.2211,-25.4947,-34.9771,-23.0436,-34.9762,-9.22934,-9.76521,-7.42205,-22.6415
-270.414,-15.1573,-104.267,-43.0237,-25.0905,-29.3365,-13.8858,-271.244,-72.673,-283.14,-9.05916,-46.6399,-36.6932,-62.9756,-36.1648,-264.394,-272.792,-25.9927,-5965.33,-38.0514,-53.707,-262.813,-75.2363,-173.143,-50.6349,-261.238,-109.764,-92.9198,-568.164,-138.25,-221.871,-261.574,-5965.33,-257.389,-289.44,-271.78,-258.937,-274.492,-259.503,-277.732,-15.5159,-258.597,-13.5686,-295.748,-260.101,-2982.22,-10.8176,-258.526,-273.846,-15.1684,-282.677,-256.791,-271.134,-277.204,-270.339,-12.0822,-255.814,-257.604,-255.537,-276.558,-273.051,-40.2524,-248.148,-251.907,-269.395,-253.298,-19.1369,-282.922,-258.569,-22.5954,-268.234,-301.878,-12.5012,-76.1864,-93.9277,-16.124,-13.8999,-12.8306,-8.3072
-44.8777,-25.8766,-61.1778,-364.311,-14.9548,-126.154,-16.9329,-44.8298,-81.5109,-42.7805,-13.8906,-20.6042,-18.291,-98.8865,-18.2513,-44.7739,-44.5618,-83.6733,-38.0514,-5965.33,-21.7723,-44.6158,-24.6474,-30.9004,-155.705,-44.4482,-27.801,-65.8558,-35.107,-53.4912,-31.6282,-45.2208,-38.0005,-45.5303,-41.7184,-43.912,-45.6852,-43.4548,-44.255,-43.1868,-8.15231,-46.9432,-9.68391,-40.6549,-45.073,-37.8618,-15.8811,-44.9054,-43.2506,-11.4329,-42.7819,-44.7123,-43.7079,-42.9975,-43.4777,-16.2645,-45.3627,-44.0359,-43.7906,-42.7934,-43.0204,-29.3694,-43.6734,-48.0711,-43.221,-43.5184,-11.7898,-42.7835,-46.9635,-63.6844,-42.9211,-39.5875,-24.392,-34.4579,-62.9336,-10.0935,-11.9902,-7.70614,-17.8887
-44.5137,-11.1438,-34.9822,-23.456,-48.7236,-18.5999,-12.1804,-44.5628,-30.4359,-46.6113,-7.09306,-340.523,-120.04,-28.4377,-112.389,-43.7931,-44.7657,-17.0976,-53.707,-21.7723,-5965.33,-43.5945,-192.228,-78.434,-25.4532,-43.3908,-107.444,-33.0813,-59.833,-37.7897,-72.1404,-43.3257,-52.9222,-42.6865,-47.666,-44.3077,-42.8809,-44.7617,-43.1611,-45.3643,-17.7976,-42.4784,-22.7291,-48.722,-43.1405,-52.9699,-8.53857,-42.9367,-44.5964,-14.9184,-46.582,-42.7071,-44.1423,-45.2157,-43.9516,-10.0299,-42.4827,-42.9051,-42.6224,-45.0504,-44.4056,-32.2385,-41.5171,-41.3584,-43.7351,-42.3123,-30.3085,-46.5989,-42.4496,-15.571,-43.4785,-49.7724,-9.85713,-43.6188,-32.7851,-23.7769,-15.6695,-17.9054,-7.13183
-1194.87,-14.2119,-173.614,-51.5621,-23.2823,-32.6349,-18.2308,-161.964,-102.345,-242.241,-13.1022,-38.843,-31.887,-84.0183,-31.5462,-5965.33,-156.061,-28.4327,-262.813,-44.6158,-43.5945,-5965.33,-56.5931,-101.198,-63.6755,-5965.33,-75.2187,-148.065,-174.632,-299.021,-115.638,-5965.33,-270.396,-5965.33,-237.946,-150.854,-5965.33,-149.254,-5965.33,-148.942,-10.1714,-205.076,-15.3824,-233.582,-5965.33,-281.266,-15.3149,-5965.33,-147.941,-11.4244,-239.489,-5965.33,-149.541,-147.654,-148.125,-16.4468,-5965.33,-5965.33,-5965.33,-146.341,-146.524,-50.3648,-5965.33,-208.406,-146.602,-5965.33,-15.4884,-240.871,-203.331,-26.54,-144.876,-227.837,-16.0349,-95.3676,-157.966,-12.274,-17.2186,-7.73203,-13.3161
-58.2066,-12.18,-42.8561,-26.7866,-38.5676,-20.6793,-12.2426,-58.3749,-36.1629,-60.9953,-7.21194,-123.556,-73.5899,-33.4496,-70.8764,-56.9298,-58.7059,-18.8741,-75.2363,-24.6474,-192.228,-56.5931,-5965.33,-135.011,-29.4327,-56.2568,-247.07,-40.1636,-87.6517,-47.2544,-116.017,-56.3115,-74.0968,-55.4023,-62.3783,-58.4393,-55.732,-59.0347,-55.8854,-59.7551,-18.1481,-55.6035,-18.7091,-63.763,-55.9977,-73.8932,-8.71294,-55.6614,-58.884,-15.6024,-60.9011,-55.29,-58.2886,-59.6301,-58.1053,-10.1679,-55.066,-55.4783,-55.0345,-59.4794,-58.7006,-34.3572,-53.4334,-54.1348,-57.889,-54.5534,-26.4665,-60.9512,-55.5935,-16.7932,-57.6248,-65.1126,-10.0694,-50.9208,-39.6704,-21.4611,-14.8135,-16.7664,-6.74766
-104.649,-14.0039,-64.2706,-34.1737,-29.2349,-24.9737,-12.7482,-105.097,-50.4988,-109.636,-7.9177,-63.9492,-46.6976,-45.5683,-45.7172,-101.907,-105.775,-22.4869,-173.143,-30.9004,-78.434,-101.198,-135.011,-5965.33,-38.6348,-100.502,-304.711,-59.1086,-250.525,-75.1313,-751.063,-100.805,-168.261,-99.0923,-112.082,-105.78,-99.7855,-106.833,-99.7405,-108.009,-17.4582,-100.14,-14.5893,-114.532,-100.145,-165.187,-9.51165,-99.4485,-106.66,-15.9556,-109.389,-98.6875,-105.607,-107.887,-105.377,-10.8509,-98.3954,-98.9139,-98.02,-107.713,-106.43,-37.2952,-94.9597,-97.5423,-105.089,-97.057,-21.8983,-109.518,-100.162,-19.5339,-104.723,-116.878,-10.9904,-64.5392,-58.5758,-18.2965,-13.7882,-14.6682,-6.82394
-63.6059,-21.3298,-102.285,-272.903,-16.7056,-69.7317,-17.6943,-63.423,-176.012,-60.5885,-14.0339,-23.8353,-20.8706,-276.459,-20.7921,-63.8185,-62.9705,-54.1585,-50.6349,-155.705,-25.4532,-63.6755,-29.4327,-38.6348,-5965.33,-63.5109,-33.9901,-114.722,-45.639,-82.3359,-40.0043,-64.4584,-50.5128,-64.9731,-59.0815,-61.67,-65.1133,-61.0212,-63.3107,-60.7212,-8.64805,-66.4637,-11.0162,-57.5726,-64.3243,-50.4403,-16.1603,-64.1596,-60.6553,-11.4714,-60.6518,-63.9594,-61.3041,-60.3725,-60.8999,-16.7281,-64.8084,-63.0746,-62.8022,-60.0065,-60.251,-35.537,-62.792,-68.064,-60.4567,-62.4931,-12.5633,-60.6234,-66.4618,-45.4231,-59.9461,-56.0889,-21.2934,-45.9286,-108.143,-10.5385,-13.4877,-7.68146,-16.446
-1162.9,-13.922,-173.2,-51.3785,-23.2714,-32.468,-18.6212,-161.674,-102.178,-245.379,-13.4443,-38.6705,-31.7865,-83.8206,-31.4502,-5965.33,-155.247,-28.2738,-261.238,-44.4482,-43.3908,-5965.33,-56.2568,-100.502,-63.5109,-5965.33,-74.7722,-147.831,-173.397,-298.585,-114.814,-5965.33,-268.27,-5965.33,-241.02,-149.541,-5965.33,-147.941,-5965.33,-147.737,-9.74256,-200.781,-15.5842,-236.593,-5965.33,-279.03,-15.6966,-5965.33,-146.525,-11.0807,-242.681,-5965.33,-148.125,-146.341,-146.602,-16.8255,-5965.33,-5965.33,-5965.33,-144.925,-145.001,-51.383,-5965.33,-204.044,-144.969,-5965.33,-15.1906,-244.036,-199.006,-26.6009,-143.123,-230.811,-16.2113,-97.2904,-158.161,-11.9041,-17.5887,-7.09042,-13.6121
-77.3655,-13.0328,-52.7037,-30.4806,-33.04,-22.8661,-12.8165,-77.5929,-43.0489,-81.0374,-7.81842,-82.0453,-56.1783,-39.3337,-54.6883,-75.6663,-78.0322,-20.7202,-109.764,-27.801,-107.444,-75.2187,-247.07,-304.711,-33.9901,-74.7722,-5965.33,-49.0025,-137.286,-59.695,-219.149,-74.8523,-107.513,-73.6518,-82.8573,-77.7004,-74.0899,-78.4839,-74.2795,-79.4279,-17.4584,-73.9438,-16.7091,-84.6795,-74.4352,-106.613,-9.40092,-73.9887,-78.2893,-15.5463,-80.9102,-73.496,-77.5058,-79.2674,-77.2683,-10.8088,-73.2053,-73.7395,-73.1513,-79.0728,-78.0517,-36.8877,-71.0354,-72.0111,-76.9875,-72.5138,-23.6154,-80.9778,-73.9322,-18.3307,-76.6439,-86.4539,-10.774,-59.1888,-48.5863,-19.4199,-14.5998,-15.2641,-7.21857
-147,-17.1756,-1121.91,-81.126,-19.7245,-43.2389,-18.019,-146.338,-324.316,-139.92,-13.5721,-30.306,-25.7595,-196.839,-25.581,-148.231,-145.139,-36.5033,-92.9198,-65.8558,-33.0813,-148.065,-40.1636,-59.1086,-114.722,-147.831,-49.0025,-5965.33,-78.0449,-299.784,-63.1732,-149.726,-93.1124,-151.072,-136.427,-141.329,-151.235,-139.825,-147.516,-139.299,-9.57886,-153.473,-12.9622,-132.93,-149.568,-93.7074,-15.7611,-149.335,-138.815,-11.6507,-140.193,-149.02,-140.318,-138.321,-139.216,-16.6209,-150.839,-147.119,-146.64,-137.311,-137.712,-44.3771,-146.928,-157.182,-138.02,-146.077,-14.0137,-140.064,-153.405,-32.6994,-136.653,-129.555,-18.0296,-72.14,-2378.03,-11.4552,-15.3333,-7.89112,-14.4853
-180.763,-14.7683,-86.5713,-39.3877,-26.3,-27.5491,-13.0446,-181.571,-63.2186,-189.479,-8.2032,-51.1859,-39.4842,-55.6641,-38.8436,-175.888,-182.773,-24.5483,-568.164,-35.107,-59.833,-174.632,-87.6517,-250.525,-45.639,-173.397,-137.286,-78.0449,-5965.33,-108.657,-370.344,-173.964,-518.48,-170.955,-193.75,-182.866,-172.185,-184.705,-172.049,-186.738,-16.7689,-172.908,-13.5467,-198.025,-172.793,-480.702,-9.87571,-171.558,-184.419,-15.8463,-189.033,-170.211,-182.581,-186.543,-182.195,-11.1939,-169.72,-170.587,-169.006,-186.257,-184.034,-38.3739,-163.622,-168.374,-181.71,-167.305,-20.2809,-189.266,-172.955,-21.117,-181.089,-202.115,-11.4905,-71.2634,-77.9644,-17.1421,-13.5062,-13.8622,-6.98555
-296.699,-15.8853,-415.371,-63.414,-21.3671,-37.4331,-17.7768,-295.325,-156.641,-282.529,-13.0197,-34.1942,-28.586,-118.532,-28.3366,-299.317,-292.896,-32.1795,-138.25,-53.4912,-37.7897,-299.021,-47.2544,-75.1313,-82.3359,-298.585,-59.695,-299.784,-108.657,-5965.33,-82.2844,-302.308,-139.606,-305.031,-275.548,-285.108,-305.323,-282.102,-297.987,-281.088,-10.3062,-309.605,-13.8946,-268.558,-302.026,-141.693,-15.1904,-301.591,-280.048,-11.8986,-283.103,-300.993,-283.053,-279.097,-280.814,-16.1918,-304.596,-297.226,-296.3,-277.042,-277.808,-46.8559,-296.94,-317.018,-278.386,-295.207,-14.9642,-282.831,-309.455,-29.2294,-275.615,-261.825,-16.7633,-83.8,-340.891,-12.1625,-15.9308,-8.34348,-13.523
-119.729,-14.0066,-69.1081,-35.1377,-28.6348,-25.3394,-12.675,-120.267,-53.1918,-125.56,-7.73614,-59.9395,-44.7086,-47.6589,-43.8432,-116.477,-121.069,-22.7385,-221.871,-31.6282,-72.1404,-115.638,-116.017,-751.063,-40.0043,-114.814,-219.149,-63.1732,-370.344,-82.2844,-5965.33,-115.189,-213.809,-113.178,-128.417,-121.122,-113.999,-122.352,-113.915,-123.715,-17.4776,-114.472,-14.5222,-131.278,-114.408,-208.221,-9.36134,-113.584,-122.159,-15.9996,-125.263,-112.685,-120.929,-123.582,-120.67,-10.7415,-112.354,-112.938,-111.883,-123.389,-121.9,-37.497,-108.285,-111.437,-120.343,-110.747,-21.701,-125.418,-114.502,-19.6526,-119.925,-134.015,-10.8684,-66.4463,-62.6786,-18.2277,-13.74,-14.7105,-6.57776
-1226.65,-14.6703,-175.677,-52.2453,-23.0467,-33.1229,-17.8881,-160.543,-103.479,-237.09,-12.8784,-38.5991,-31.6435,-85.0222,-31.3054,-5965.33,-155.214,-28.8756,-261.574,-45.2208,-43.3257,-5965.33,-56.3115,-100.805,-64.4584,-5965.33,-74.8523,-149.726,-173.964,-302.308,-115.189,-5965.33,-269.583,-5965.33,-232.833,-150.515,-5965.33,-148.915,-5965.33,-148.493,-10.4448,-208.089,-14.9805,-228.508,-5965.33,-280.413,-15.0428,-5965.33,-147.707,-11.7295,-234.306,-5965.33,-149.307,-147.315,-147.999,-16.1489,-5965.33,-5965.33,-5965.33,-146.107,-146.399,-49.2619,-5965.33,-211.517,-146.587,-5965.33,-15.5932,-235.704,-206.385,-26.7291,-144.982,-222.786,-16.0141,-93.2362,-159.275,-12.4678,-16.7631,-8.17715,-13.1558
-281.123,-15.5414,-104.944,-42.9851,-24.5515,-29.3599,-12.8501,-282.685,-72.5832,-294.712,-8.18037,-45.9979,-36.1142,-62.9225,-35.5954,-272.576,-284.735,-26.0256,-5965.33,-38.0005,-52.9222,-270.396,-74.0968,-168.261,-50.5128,-268.27,-107.513,-93.1124,-518.48,-139.606,-213.809,-269.583,-5965.33,-264.712,-301.313,-285.856,-266.846,-288.697,-265.966,-291.639,-16.7285,-269.179,-12.2796,-307.922,-267.554,-5917.49,-9.83555,-265.428,-288.446,-16.1243,-293.855,-263.124,-285.604,-291.539,-285.199,-11.0942,-262.586,-263.478,-260.802,-291.287,-288.041,-37.4733,-251.987,-262.17,-284.641,-257.931,-19.4645,-294.298,-269.334,-22.0567,-283.885,-314.161,-11.5694,-71.1793,-93.2645,-16.598,-12.8391,-13.5893,-6.42917
-1191.73,-14.5602,-177.079,-52.6073,-22.8149,-33.3035,-18.3573,-158.697,-104.383,-238.547,-13.3643,-38.0433,-31.2289,-85.7117,-30.902,-5965.33,-152.861,-29.0233,-257.389,-45.5303,-42.6865,-5965.33,-55.4023,-99.0923,-64.9731,-5965.33,-73.6518,-151.072,-170.955,-305.031,-113.178,-5965.33,-264.712,-5965.33,-234.197,-147.654,-5965.33,-146.054,-5965.33,-145.742,-9.81925,-202.324,-15.0279,-229.778,-5965.33,-275.29,-15.5632,-5965.33,-144.741,-11.3165,-235.841,-5965.33,-146.341,-144.454,-144.925,-16.6381,-5965.33,-5965.33,-5965.33,-143.141,-143.324,-50.2774,-5965.33,-205.712,-143.402,-5965.33,-15.1142,-237.2,-200.603,-27.076,-141.676,-224.001,-16.3876,-95.1049,-161.176,-11.9382,-17.0771,-7.41618,-13.652
-198.373,-14.4814,-161.17,-48.198,-24.7526,-30.8057,-15.0561,-268.745,-94.5179,-5965.33,-9.69024,-42.3833,-34.5279,-77.908,-34.1156,-234.415,-229.67,-26.8914,-289.44,-41.7184,-47.666,-237.946,-62.3783,-112.082,-59.0815,-241.02,-82.8573,-136.427,-193.75,-275.548,-128.417,-232.833,-301.313,-234.197,-5965.33,-208.214,-230.806,-206.871,-244.031,-210.035,-14.2136,-158.356,-14.9468,-5965.33,-236.077,-313.778,-11.7012,-239.125,-202.54,-14.0814,-5965.33,-242.108,-203.856,-205.516,-199.433,-13.0917,-237.217,-246.978,-249.86,-201.212,-198.144,-43.6647,-253.413,-157.854,-194.947,-252.676,-18.4639,-5965.33,-156.743,-23.7606,-190.144,-5965.33,-13.1917,-83.0704,-142.503,-15.4956,-15.1747,-12.0313,-9.51018
-162.007,-16.6204,-167.89,-50.6488,-22.3363,-32.7152,-12.7275,-1202.86,-97.9053,-205.076,-8.20125,-39.3778,-31.7632,-81.1603,-31.3925,-152.209,-5965.33,-28.6554,-271.78,-43.912,-44.3077,-150.854,-58.4393,-105.78,-61.67,-149.541,-77.7004,-141.329,-182.866,-285.108,-121.122,-150.515,-285.856,-147.654,-208.214,-5965.33,-148.98,-5965.33,-148.125,-5965.33,-16.313,-242.241,-10.9601,-211.292,-149.254,-297.536,-9.87027,-147.941,-5965.33,-16.2609,-201.382,-146.525,-5965.33,-5965.33,-5965.33,-11.0729,-146.341,-146.602,-144.969,-5965.33,-5965.33,-36.2222,-139.739,-237.678,-5965.33,-143.222,-18.3098,-203.235,-240.742,-23.8083,-5965.33,-212.403,-11.8051,-68.7091,-144.221,-15.7951,-12.1323,-13.1107,-5.71949
-1226.76,-14.8593,-177.424,-52.7757,-22.8125,-33.4649,-17.9283,-158.922,-104.503,-235.086,-12.9884,-38.2069,-31.3185,-85.8759,-30.9872,-5965.33,-153.651,-29.1783,-258.937,-45.6852,-42.8809,-5965.33,-55.732,-99.7855,-65.1133,-5965.33,-74.0899,-151.235,-172.185,-305.323,-113.999,-5965.33,-266.846,-5965.33,-230.806,-148.98,-5965.33,-147.38,-5965.33,-146.952,-10.2904,-206.912,-14.7907,-226.457,-5965.33,-277.535,-15.1439,-5965.33,-146.178,-11.6941,-232.322,-5965.33,-147.778,-145.78,-146.475,-16.222,-5965.33,-5965.33,-5965.33,-144.578,-144.875,-49.1587,-5965.33,-210.372,-145.069,-5965.33,-15.4214,-233.71,-205.223,-26.9923,-143.471,-220.721,-16.1794,-92.9924,-160.862,-12.3187,-16.6704,-8.05015,-13.3055
-160.373,-16.4463,-166.158,-50.1262,-22.57,-32.3809,-12.6591,-1201.35,-96.8864,-203.706,-8.06104,-39.7777,-32.0923,-80.3136,-31.7146,-150.609,-5965.33,-28.3601,-274.492,-43.4548,-44.7617,-149.254,-59.0347,-106.833,-61.0212,-147.941,-78.4839,-139.825,-184.705,-282.102,-122.352,-148.915,-288.697,-146.054,-206.871,-5965.33,-147.38,-5965.33,-146.525,-5965.33,-16.4775,-240.4,-11.1373,-209.977,-147.654,-300.524,-9.73779,-146.341,-5965.33,-16.3104,-200.035,-144.925,-5965.33,-5965.33,-5965.33,-10.9707,-144.741,-145.002,-143.369,-5965.33,-5965.33,-36.2549,-138.139,-235.808,-5965.33,-141.622,-18.4968,-201.876,-238.911,-23.5403,-5965.33,-211.126,-11.6287,-68.8193,-142.616,-15.963,-12.198,-13.2686,-5.55152
-1130.92,-13.6142,-172.692,-51.1658,-23.2479,-32.2818,-19.0116,-161.293,-101.956,-248.454,-13.7864,-38.4753,-31.6679,-83.5767,-31.3364,-5965.33,-154.339,-28.0976,-259.503,-44.255,-43.1611,-5965.33,-55.8854,-99.7405,-63.3107,-5965.33,-74.2795,-147.516,-172.049,-297.987,-113.915,-5965.33,-265.966,-5965.33,-244.031,-148.125,-5965.33,-146.525,-5965.33,-146.431,-9.31369,-196.422,-15.773,-239.539,-5965.33,-276.606,-16.0783,-5965.33,-145.002,-10.7371,-245.81,-5965.33,-146.602,-144.925,-144.969,-17.2043,-5965.33,-5965.33,-5965.33,-143.402,-143.368,-52.4012,-5965.33,-199.618,-143.222,-5965.33,-14.8744,-247.138,-194.619,-26.6471,-141.251,-233.72,-16.3757,-99.2132,-158.27,-11.5094,-17.9588,-6.36945,-13.8909
-158.956,-16.1552,-165.386,-49.8285,-22.9861,-32.1388,-13.0047,-1233.93,-96.5199,-206.777,-8.28161,-40.3157,-32.5793,-79.9414,-32.1939,-150.179,-5965.33,-28.1346,-277.732,-43.1868,-45.3643,-148.942,-59.7551,-108.009,-60.7212,-147.737,-79.4279,-139.299,-186.738,-281.088,-123.715,-148.493,-291.639,-145.742,-210.035,-5965.33,-146.952,-5965.33,-146.431,-5965.33,-16.1805,-235.19,-11.8292,-213.235,-147.342,-303.615,-10.0087,-146.137,-5965.33,-15.9919,-203.186,-144.831,-5965.33,-5965.33,-5965.33,-11.2696,-144.537,-145.022,-143.506,-5965.33,-5965.33,-37.3686,-138.524,-230.64,-5965.33,-141.88,-18.5671,-204.987,-233.686,-23.5776,-5965.33,-214.521,-11.9007,-70.9707,-142.608,-15.9666,-12.6563,-13.1709,-6.40038
-12.8946,-5.34658,-10.7004,-8.72119,-15.287,-7.64102,0,-13.5925,-9.44755,-13.8761,0,-17.8693,-17.1763,-9.34733,-17.1179,-10.6534,-14.1043,-7.0334,-15.5159,-8.15231,-17.7976,-10.1714,-18.1481,-17.4582,-8.64805,-9.74256,-17.4584,-9.57886,-16.7689,-10.3062,-17.4776,-10.4448,-16.7285,-9.81925,-14.2136,-16.313,-10.2904,-16.4775,-9.31369,-16.1805,-5965.33,-12.514,-5.69298,-14.5317,-9.99776,-16.8376,0,-9.56889,-16.9064,-70.9508,-13.5068,-9.14001,-16.7419,-16.6377,-17.1708,0,-9.39038,-8.88482,-8.45594,-17.0666,-17.3354,-10.0267,-7.42054,-12.0234,-17.5996,-8.02707,-22.5937,-13.6914,-12.685,-4.31493,-18.052,-14.6485,-1.16103,-12.3964,-7.70251,-22.7793,-7.99488,-23.2637,0
-264.536,-16.5524,-180.873,-54.1662,-22.0423,-34.6437,-15.6767,-201.632,-106.072,-158.737,-11.1641,-37.8119,-30.7491,-87.5353,-30.4158,-209.829,-225.098,-30.2861,-258.597,-46.9432,-42.4784,-205.076,-55.6035,-100.14,-66.4637,-200.781,-73.9438,-153.473,-172.908,-309.605,-114.472,-208.089,-269.179,-202.324,-158.356,-242.241,-206.912,-240.4,-196.422,-235.19,-12.514,-5965.33,-12.7813,-157.886,-203.706,-279.996,-13.0659,-199.438,-243.51,-13.6646,-155.537,-195.106,-245.379,-238.547,-248.454,-14.1061,-198.083,-192,-187.514,-241.63,-246.559,-42.8598,-177.098,-5965.33,-251.465,-182.963,-16.4031,-157.137,-5965.33,-26.7524,-254.571,-155.723,-15.0883,-80.996,-160.5,-13.6753,-14.2657,-10.3771,-11.2252
-13.9053,0,-13.1135,-10.2291,-64.0883,-8.39322,-10.8286,-13.3993,-12.6119,-14.5351,-4.47711,-24.7533,-31.7609,-11.8269,-32.2735,-15.1396,-13.1361,-7.76291,-13.5686,-9.68391,-22.7291,-15.3824,-18.7091,-14.5893,-11.0162,-15.5842,-16.7091,-12.9622,-13.5467,-13.8946,-14.5222,-14.9805,-12.2796,-15.0279,-14.9468,-10.9601,-14.7907,-11.1373,-15.773,-11.8292,-5.69298,-12.7813,-5965.33,-15.3591,-15.2051,-12.4247,-5.89358,-15.4069,-10.6161,-5.54864,-14.7992,-15.5958,-10.4388,-11.3146,-9.87456,-7.99249,-15.2297,-15.9495,-16.1139,-10.7933,-10.0516,-18.621,-16.2319,-12.344,-9.25965,-16.2666,0,-14.6689,-12.6278,-9.65856,-8.54464,-15.9078,-8.53358,-18.5503,-14.0077,0,-20.1219,0,-8.30165
-195.162,-14.0764,-157.141,-46.9826,-25.2961,-30.0282,-14.8607,-273.185,-92.1483,-5965.33,-9.29014,-43.3132,-35.2932,-75.9388,-34.8647,-230.122,-233.069,-26.2047,-295.748,-40.6549,-48.722,-233.582,-63.763,-114.532,-57.5726,-236.593,-84.6795,-132.93,-198.025,-268.558,-131.278,-228.508,-307.922,-229.778,-5965.33,-211.292,-226.457,-209.977,-239.539,-213.235,-14.5317,-157.886,-15.3591,-5965.33,-231.686,-320.726,-11.329,-234.669,-205.582,-14.1693,-5965.33,-237.588,-206.87,-208.649,-202.384,-12.8066,-232.734,-242.421,-245.237,-204.281,-201.122,-43.6691,-248.626,-157.291,-197.832,-247.986,-18.899,-5965.33,-156.27,-23.1373,-192.96,-5965.33,-12.7815,-83.1897,-138.771,-15.8862,-15.2961,-12.3986,-9.11951
-1193.37,-14.3861,-175.346,-52.0847,-23.0486,-32.9692,-18.295,-160.331,-103.364,-240.4,-13.235,-38.4431,-31.558,-84.865,-31.2241,-5965.33,-154.461,-28.728,-260.101,-45.073,-43.1405,-5965.33,-55.9977,-100.145,-64.3243,-5965.33,-74.4352,-149.568,-172.793,-302.026,-114.408,-5965.33,-267.554,-5965.33,-236.077,-149.254,-5965.33,-147.654,-5965.33,-147.342,-9.99776,-203.706,-15.2051,-231.686,-5965.33,-278.278,-15.4407,-5965.33,-146.341,-11.3713,-237.671,-5965.33,-147.941,-146.054,-146.525,-16.5437,-5965.33,-5965.33,-5965.33,-144.741,-144.924,-50.3233,-5965.33,-207.065,-145.002,-5965.33,-15.3013,-239.041,-201.973,-26.808,-143.276,-225.925,-16.2112,-95.2406,-159.571,-12.1061,-17.1489,-7.5741,-13.484
-292.551,-15.4216,-105.82,-42.8675,-24.6968,-29.2104,-12.7881,-294.195,-72.7674,-306.838,-8.05398,-46.0939,-36.2535,-62.9733,-35.7346,-283.559,-296.352,-25.8766,-2982.22,-37.8618,-52.9699,-281.266,-73.8932,-165.187,-50.4403,-279.03,-106.613,-93.7074,-480.702,-141.693,-208.221,-280.413,-5917.49,-275.29,-313.778,-297.536,-277.535,-300.524,-276.606,-303.615,-16.8376,-279.996,-12.4247,-320.726,-278.278,-5965.33,-9.71815,-276.042,-300.26,-16.1563,-305.936,-273.618,-297.273,-303.511,-296.848,-11.0036,-273.055,-273.989,-271.174,-303.248,-299.836,-37.4576,-261.904,-272.627,-296.263,-268.154,-19.5983,-306.403,-280.159,-21.9021,-295.469,-327.284,-11.4332,-71.1856,-93.8859,-16.7265,-12.8817,-13.7191,-6.28171
-12.9025,-9.2987,-14.7924,-15.7197,-7.55833,-15.3185,-710.194,-12.2823,-15.9829,-12.05,-144.1,-8.37312,-8.00419,-15.8119,-8.10498,-14.886,-11.836,-15.1855,-10.8176,-15.8811,-8.53857,-15.3149,-8.71294,-9.51165,-16.1603,-15.6966,-9.40092,-15.7611,-9.87571,-15.1904,-9.36134,-15.0428,-9.83555,-15.5632,-11.7012,-9.87027,-15.1439,-9.73779,-16.0783,-10.0087,0,-13.0659,-5.89358,-11.329,-15.4407,-9.71815,-5965.33,-15.8224,-9.3561,-2.24759,-12.3787,-16.2041,-9.48857,-9.60181,-9.10687,-2126.87,-15.9449,-16.46,-16.8417,-9.22009,-8.97428,-18.5752,-17.7344,-13.34,-8.72517,-17.2234,-3.18738,-12.2144,-12.9098,-20.3858,-8.32256,-11.0932,-21.8448,-13.0107,-17.7835,-2.07805,0,-0.39815,-23.1906
-1161.43,-14.0962,-174.933,-51.9011,-23.0377,-32.8023,-18.6854,-160.036,-103.197,-243.51,-13.5771,-38.2706,-31.4575,-84.6673,-31.1281,-5965.33,-153.647,-28.5691,-258.526,-44.9054,-42.9367,-5965.33,-55.6614,-99.4485,-64.1596,-5965.33,-73.9887,-149.335,-171.558,-301.591,-113.584,-5965.33,-265.428,-5965.33,-239.125,-147.941,-5965.33,-146.341,-5965.33,-146.137,-9.56889,-199.438,-15.4069,-234.669,-5965.33,-276.042,-15.8224,-5965.33,-144.925,-11.0277,-240.836,-5965.33,-146.525,-144.741,-145.002,-16.9225,-5965.33,-5965.33,-5965.33,-143.325,-143.401,-51.3415,-5965.33,-202.73,-143.369,-5965.33,-15.0035,-242.179,-197.676,-26.8689,-141.523,-228.871,-16.3877,-97.1633,-159.766,-11.7361,-17.519,-6.93249,-13.7801
-160.081,-16.5454,-165.152,-49.8847,-22.3838,-32.2755,-12.2687,-1169.2,-96.2117,-199.438,-7.71892,-39.6252,-31.9246,-79.8175,-31.548,-149.41,-5965.33,-28.278,-273.846,-43.2506,-44.5964,-147.941,-58.884,-106.66,-60.6553,-146.525,-78.2893,-138.815,-184.419,-280.048,-122.159,-147.707,-288.446,-144.741,-202.54,-5965.33,-146.178,-5965.33,-145.002,-5965.33,-16.9064,-243.51,-10.6161,-205.582,-146.341,-300.26,-9.3561,-144.925,-5965.33,-16.654,-195.712,-143.402,-5965.33,-5965.33,-5965.33,-10.592,-143.325,-143.369,-141.622,-5965.33,-5965.33,-35.2367,-136.15,-238.851,-5965.33,-139.757,-18.5952,-197.581,-242.047,-23.2337,-5965.33,-206.639,-11.1777,-66.8965,-141.004,-16.1057,-11.8279,-13.4939,-4.37005
-13.5655,-10.6149,-12.3556,-11.7184,-12.1196,-11.2849,-5.45964,-14.1211,-11.5885,-13.9848,0,-14.7943,-13.9347,-11.7577,-13.8927,-11.8105,-14.4913,-10.911,-15.1684,-11.4329,-14.9184,-11.4244,-15.6024,-15.9556,-11.4714,-11.0807,-15.5463,-11.6507,-15.8463,-11.8986,-15.9996,-11.7295,-16.1243,-11.3165,-14.0814,-16.2609,-11.6941,-16.3104,-10.7371,-15.9919,-70.9508,-13.6646,-5.54864,-14.1693,-11.3713,-16.1563,-2.24759,-11.0277,-16.654,-5965.33,-13.689,-10.6841,-16.6045,-16.3582,-16.9481,-3.8985,-10.9729,-10.3935,-10.0499,-16.7019,-16.9978,-10.4637,-9.30644,-13.5123,-17.2917,-9.70628,-17.4721,-13.8369,-13.8083,-7.45807,-17.6542,-14.1011,-3.73208,-12.1581,-9.98436,-17.704,-7.5498,-18.1784,-1.65432
-198.409,-14.7223,-165.386,-49.4202,-24.2745,-31.547,-15.5751,-260.836,-97.0625,-5965.33,-10.3573,-41.4343,-33.7814,-79.9721,-33.3869,-235.828,-222.793,-27.5369,-282.677,-42.7819,-46.582,-239.489,-60.9011,-109.389,-60.6518,-242.681,-80.9102,-140.193,-189.033,-283.103,-125.263,-234.306,-293.855,-235.841,-5965.33,-201.382,-232.322,-200.035,-245.81,-203.186,-13.5068,-155.537,-14.7992,-5965.33,-237.671,-305.936,-12.3787,-240.836,-195.712,-13.689,-5965.33,-243.938,-197.032,-198.676,-192.619,-13.686,-238.979,-248.876,-251.878,-194.381,-191.325,-44.5134,-255.731,-155.129,-188.141,-254.816,-17.8622,-5965.33,-153.927,-24.5243,-183.348,-5965.33,-13.8355,-84.562,-146.92,-14.8953,-15.3621,-11.3455,-10.2954
-1129.48,-13.7883,-174.425,-51.6885,-23.0142,-32.6161,-19.0759,-159.65,-102.974,-246.558,-13.9192,-38.0754,-31.3388,-84.4234,-31.0143,-5965.33,-152.739,-28.3929,-256.791,-44.7123,-42.7071,-5965.33,-55.29,-98.6875,-63.9594,-5965.33,-73.496,-149.02,-170.211,-300.993,-112.685,-5965.33,-263.124,-5965.33,-242.108,-146.525,-5965.33,-144.925,-5965.33,-144.831,-9.14001,-195.106,-15.5958,-237.588,-5965.33,-273.618,-16.2041,-5965.33,-143.402,-10.6841,-243.938,-5965.33,-145.002,-143.325,-143.369,-17.3012,-5965.33,-5965.33,-5965.33,-141.802,-141.768,-52.3597,-5965.33,-198.331,-141.622,-5965.33,-14.6873,-245.254,-193.315,-26.9152,-139.651,-231.752,-16.5521,-99.0861,-159.875,-11.3414,-17.8891,-6.21152,-14.0588
-161.72,-16.7195,-166.885,-50.4073,-22.1501,-32.6098,-12.3371,-1170.67,-97.2305,-200.781,-7.85913,-39.2254,-31.5956,-80.6642,-31.2259,-151.01,-5965.33,-28.5733,-271.134,-43.7079,-44.1423,-149.541,-58.2886,-105.607,-61.3041,-148.125,-77.5058,-140.318,-182.581,-283.053,-120.929,-149.307,-285.604,-146.341,-203.856,-5965.33,-147.778,-5965.33,-146.602,-5965.33,-16.7419,-245.379,-10.4388,-206.87,-147.941,-297.273,-9.48857,-146.525,-5965.33,-16.6045,-197.032,-145.002,-5965.33,-5965.33,-5965.33,-10.6941,-144.925,-144.969,-143.222,-5965.33,-5965.33,-35.204,-137.75,-240.748,-5965.33,-141.357,-18.4081,-198.912,-243.905,-23.5017,-5965.33,-207.888,-11.3541,-66.7864,-142.609,-15.9378,-11.7622,-13.336,-4.53802
-158.739,-16.2721,-164.425,-49.6036,-22.8037,-32.0466,-12.5886,-1199.71,-95.8676,-202.324,-7.91691,-40.1776,-32.4213,-79.4669,-32.0366,-149.009,-5965.33,-28.0648,-277.204,-42.9975,-45.2157,-147.654,-59.6301,-107.887,-60.3725,-146.341,-79.2674,-138.321,-186.543,-279.097,-123.582,-147.315,-291.539,-144.454,-205.516,-5965.33,-145.78,-5965.33,-144.925,-5965.33,-16.6377,-238.547,-11.3146,-208.649,-146.054,-303.511,-9.60181,-144.741,-5965.33,-16.3582,-198.676,-143.325,-5965.33,-5965.33,-5965.33,-10.8659,-143.141,-143.402,-141.769,-5965.33,-5965.33,-36.2832,-136.539,-233.925,-5965.33,-140.022,-18.6839,-200.506,-237.069,-23.2723,-5965.33,-209.838,-11.4523,-68.921,-141.011,-16.1309,-12.2617,-13.4265,-5.38357
-161.342,-16.8085,-165.776,-50.1359,-21.9489,-32.486,-11.9467,-1138.47,-96.4937,-196.422,-7.517,-39.0505,-31.4089,-80.1179,-31.0407,-149.709,-5965.33,-28.4749,-270.339,-43.4777,-43.9516,-148.125,-58.1053,-105.377,-60.8999,-146.602,-77.2683,-139.216,-182.195,-280.814,-120.67,-147.999,-285.199,-144.925,-199.433,-5965.33,-146.475,-5965.33,-144.969,-5965.33,-17.1708,-248.454,-9.87456,-202.384,-146.525,-296.848,-9.10687,-145.002,-5965.33,-16.9481,-192.619,-143.369,-5965.33,-5965.33,-5965.33,-10.3154,-143.402,-143.222,-141.357,-5965.33,-5965.33,-34.1858,-135.634,-243.755,-5965.33,-139.37,-18.4957,-194.527,-247.005,-23.1748,-5965.33,-203.308,-10.8701,-64.8636,-140.883,-16.0697,-11.3921,-13.548,-2.88586
-14.0667,-9.42406,-15.7524,-16.2125,-9.04081,-15.5257,-542.373,-13.4525,-16.782,-13.3599,-151.372,-9.84328,-9.51591,-16.5291,-9.59671,-16.0211,-13.0234,-15.283,-12.0822,-16.2645,-10.0299,-16.4468,-10.1679,-10.8509,-16.7281,-16.8255,-10.8088,-16.6209,-11.1939,-16.1918,-10.7415,-16.1489,-11.0942,-16.6381,-13.0917,-11.0729,-16.222,-10.9707,-17.2043,-11.2696,0,-14.1061,-7.99249,-12.8066,-16.5437,-11.0036,-2126.87,-16.9225,-10.592,-3.8985,-13.686,-17.3012,-10.6941,-10.8659,-10.3154,-5965.33,-17.0169,-17.583,-17.9617,-10.4871,-10.2131,-20.7955,-18.8197,-14.3165,-9.93666,-18.3405,-4.18903,-13.5229,-13.9493,-20.1067,-9.53718,-12.6647,-21.0774,-15.0966,-18.6101,-2.97591,-295.061,-1.19906,-22.2861
-1159.82,-14.2703,-176.665,-52.4237,-22.804,-33.1366,-18.7477,-158.397,-104.216,-241.63,-13.7064,-37.8708,-31.1285,-85.514,-30.806,-5965.33,-152.047,-28.8644,-255.814,-45.3627,-42.4827,-5965.33,-55.066,-98.3954,-64.8084,-5965.33,-73.2053,-150.839,-169.72,-304.596,-112.354,-5965.33,-262.586,-5965.33,-237.217,-146.341,-5965.33,-144.741,-5965.33,-144.537,-9.39038,-198.083,-15.2297,-232.734,-5965.33,-273.055,-15.9449,-5965.33,-143.325,-10.9729,-238.979,-5965.33,-144.925,-143.141,-143.402,-17.0169,-5965.33,-5965.33,-5965.33,-141.725,-141.801,-51.2956,-5965.33,-201.404,-141.769,-5965.33,-14.8164,-240.31,-196.333,-27.1369,-139.923,-226.92,-16.5641,-97.0277,-161.371,-11.5682,-17.4471,-6.77458,-13.948
