-244343,0,0,-189.155,-482.999,-222.016,0,0,-11481.9,-223.279,0,0,-244343,-3.13673,-2.58874,-2.21255,-496.33,-1223.27,-3018.31,-3.82875,-984.48,-3.16266,-208.179,-4.51815,-3.83772,-4.18238,-223.074,-4.79204,-46.5606,0,-4.6082,0,-4.80693,-4.85942,-4.25666,0,-150.497,-4.77766,-4.7611,-4.88088,0,0,0,0
0,-244343,-369.751,0,0,0,-152.623,-98.3171,-2.26697,0,-196.882,-414.269,-2.98975,-1239.2,-1130.45,-608.34,-3.6178,-3.97752,-3.97155,-1708.48,-4.22642,-173.835,-4.3149,-374.292,-221.519,-206.934,-4.79452,-524.486,-4.72336,-4.90824,-141.696,-4.92926,0,0,-109.097,-4.88244,-4.83893,0,0,0,-4.75808,-4.69747,-4.75498,-4.82145
0,-369.751,-244343,0,0,0,-258.32,-134.247,-1.15139,0,-411.826,-3714.06,-2.34173,-256.096,-491.656,-844.978,-3.16927,-3.61844,-3.58677,-245.593,-3.92651,-329.938,-4.04425,-414.953,-698.019,-631.236,-4.65537,0,-4.61842,-4.87634,-293.918,-4.9204,0,0,-154.929,-4.87041,-4.72109,0,0,0,-4.81063,-4.6964,-4.81943,-4.8397
-189.155,0,0,-244343,-301.814,-1330.68,0,0,-185.455,-1265.94,0,0,-178.662,-3.30386,-2.83353,-2.52447,-252.052,-142.088,-151.64,-3.91156,-174.291,-3.32181,-435.787,-4.51095,-3.91474,-4.22349,-129.353,-4.75451,-149.847,0,-4.59297,0,-4.73805,-4.77067,-4.2822,0,-102.358,-4.6668,-4.64855,-4.78836,0,0,0,0
-482.999,0,0,-301.814,-244343,-398.034,0,0,-461.178,-405.345,0,0,-421.263,-2.15458,-1.04183,0,-2729.22,-260.471,-307.612,-3.21098,-484.57,-2.22526,-381.669,-4.21687,-3.25165,-3.71838,0,-4.5768,0,0,-4.33334,0,-4.72269,-4.83305,-3.8565,0,0,-4.84112,-4.83572,-4.87119,0,0,0,0
-222.016,0,0,-1330.68,-398.034,-244343,0,0,-214.79,-28524,0,0,-204.825,-3.04233,-2.46442,-2.05438,-311.07,-156.429,-169.181,-3.75932,-198.229,-3.07198,-719.807,-4.4754,-3.77183,-4.12473,-119.472,-4.75555,0,0,-4.56725,0,-4.78939,-4.84927,-4.20585,0,-56.8274,-4.78295,-4.76851,-4.87288,0,0,0,0
0,-152.623,-258.32,0,0,0,-244343,-278.278,0,0,-657,-235.269,-1.97918,-118.626,-157.72,-184.352,-2.92711,-3.41935,-3.37466,-107.6,-3.75351,-695.315,-3.88436,-77.0582,-266.199,-229.311,-4.54825,0,-4.52719,-4.81191,-114.543,-4.86577,0,0,-2671.56,-4.81461,-4.62256,0,0,0,-4.78276,-4.64974,-4.79654,-4.79826
0,-98.3171,-134.247,0,0,0,-278.278,-244343,0,0,-192.385,-125.145,-1.40409,-77.1211,-94.7988,-105.014,-2.57686,-3.13313,-3.07078,-67.5511,-3.50367,-170.829,-3.65221,-28.065,-109.827,-91.5036,-4.38323,0,-4.38069,-4.69631,0,-4.76196,0,0,-150.379,-4.70884,-4.46788,0,0,0,-4.70809,-4.5553,-4.72763,-4.70947
-11481.9,-2.26697,-1.15139,-185.455,-461.178,-214.79,0,0,-244343,-213.127,-2.7696,-2.84896,-11332.9,-4.28182,-4.02552,-3.87819,-574.347,-1274.68,-2670.51,-4.61654,-1320.19,-4.26102,-260.909,-4.85468,-4.58632,-4.76889,-440.582,-4.97634,-217.468,-231.469,-4.90182,-445.119,-4.75476,-4.6826,-4.7526,-288.034,-414.329,-4.4092,-4.3701,-4.67223,0,-38.1099,0,-23.2689
-223.279,0,0,-1265.94,-405.345,-28524,0,0,-213.127,-244343,0,0,-201.841,-2.74001,-2.03754,-1.47525,-304.695,-150.53,-163.406,-3.5632,-188.409,-2.78277,-695.08,-4.38117,-3.58552,-3.97737,-52.7712,-4.69041,0,0,-4.48185,0,-4.76739,-4.84699,-4.0789,0,0,-4.8106,-4.79981,-4.87618,0,0,0,0
0,-196.882,-411.826,0,0,0,-657,-192.385,-2.7696,0,-244343,-371.928,-3.32114,-163.034,-227.537,-277.862,-3.83285,-4.13044,-4.13949,-158.949,-4.33643,-3374.11,-4.40513,-195.526,-676.617,-626.129,-4.78298,-90.821,-4.69184,-4.8166,-626.738,-4.82202,0,0,-459.961,-4.77796,-4.81148,0,0,0,-4.61175,-4.59654,-4.6005,-4.70017
0,-414.269,-3714.06,0,0,0,-235.269,-125.145,-2.84896,0,-371.928,-244343,-3.41017,-301.636,-610.825,-1175.19,-3.92944,-4.23316,-4.24188,-305.481,-4.44176,-320.552,-4.51016,-814.375,-633.221,-599.812,-4.89555,-168.206,-4.80281,-4.93315,-392.358,-4.93729,0,0,-178.325,-4.89381,-4.92469,0,0,0,-4.72533,-4.7048,-4.71347,-4.81229
-244343,-2.98975,-2.34173,-178.662,-421.263,-204.825,-1.97918,-1.40409,-11332.9,-201.841,-3.32114,-3.41017,-244343,-4.48681,-4.29508,-4.18951,-561.138,-1470.98,-3611.96,-4.72613,-1229.92,-4.45689,-268.449,-4.81893,-4.68699,-4.81961,-467.624,-4.88237,-243.623,-319.799,-4.85257,-644.148,-4.57136,-4.44013,-4.77581,-462.632,-447.787,-4.0775,-4.02883,-4.41791,-889.079,-65.1327,-105.599,-112.023
-3.13673,-1239.2,-256.096,-3.30386,-2.15458,-3.04233,-118.626,-77.1211,-4.28182,-2.74001,-163.034,-301.636,-4.48681,-244343,-631.035,-427.428,-4.69966,-4.81548,-4.88065,-3974.48,-4.88217,-165.971,-4.87863,-388.863,-218.415,-216.557,-4.85891,-29087.2,-4.65437,-4.4862,-189.66,-4.4015,-110.617,-917.221,-128.487,-4.36734,-4.81418,-288.731,-106.852,-166.434,-3.91474,-4.16599,-3.84684,-4.1714
-2.58874,-1130.45,-491.656,-2.83353,-1.04183,-2.46442,-157.72,-94.7988,-4.02552,-2.03754,-227.537,-610.825,-4.29508,-631.035,-244343,-1309.52,-4.5706,-4.72884,-4.78064,-730.277,-4.82841,-221.064,-4.84159,-1143.82,-326.35,-320.661,-4.92636,-490.055,-4.75255,-4.67134,-265.16,-4.61255,-124.902,-557.207,-155.846,-4.57626,-4.90179,-601.108,0,-222.283,-4.21289,-4.37684,-4.16319,-4.41439
-2.21255,-608.34,-844.978,-2.52447,0,-2.05438,-184.352,-105.014,-3.87819,-1.47525,-277.862,-1175.19,-4.18951,-427.428,-1309.52,-244343,-4.5037,-4.68748,-4.73141,-463.066,-4.80624,-262.018,-4.82894,-42983.2,-429.908,-419.937,-4.97238,-320.112,-4.81509,-4.78002,-330.725,-4.73435,-129.743,-251.484,-172.805,-4.6971,-4.95876,0,0,-260.39,-4.37798,-4.498,-4.33693,-4.55204
-496.33,-3.6178,-3.16927,-252.052,-2729.22,-311.07,-2.92711,-2.57686,-574.347,-304.695,-3.83285,-3.92944,-561.138,-4.69966,-4.5706,-4.5037,-244343,-410.022,-480.854,-4.84118,-987.567,-4.66079,-543.475,-4.77579,-4.79315,-4.87183,-27416,-4.77143,-597.079,-202.095,-4.79376,-751.662,-4.35444,-4.14918,-4.79871,-237.209,-20112.8,-3.6674,-3.60453,-4.11098,-360.324,-104.587,-1193.89,-266.945
-1223.27,-3.97752,-3.61844,-142.088,-260.471,-156.429,-3.41935,-3.13313,-1274.68,-150.53,-4.13044,-4.23316,-1470.98,-4.81548,-4.72884,-4.68748,-410.022,-244343,-2560.37,-4.88702,-692.912,-4.77056,-237.256,-4.69479,-4.83219,-4.87043,-385.159,-4.63237,-234.568,-644.764,-4.70062,-515.783,-4.11327,-3.8316,-4.77325,-1441.76,-376.438,-3.2145,-3.13408,-3.77712,-680.235,-86.7795,-308.64,-154.284
-3018.31,-3.97155,-3.58677,-151.64,-307.612,-169.181,-3.37466,-3.07078,-2670.51,-163.406,-4.13949,-4.24188,-3611.96,-4.88065,-4.78064,-4.73141,-480.854,-2560.37,-244343,-4.97297,-933.228,-4.83442,-255.638,-4.8178,-4.91793,-4.9684,-444.013,-4.77442,-251.96,-490.137,-4.82615,-657.493,-4.28325,-4.02854,-4.87689,-829.214,-432.601,-3.45491,-3.37939,-3.97785,-1067.99,-85.7344,-349.203,-157.592
-3.82875,-1708.48,-245.593,-3.91156,-3.21098,-3.75932,-107.6,-67.5511,-4.61654,-3.5632,-158.949,-305.481,-4.72613,-3974.48,-730.277,-463.066,-4.84118,-4.88702,-4.97297,-244343,-4.89928,-171.264,-4.86881,-460.09,-233.867,-235.01,-4.66485,-3301,-4.40681,-4.06873,-212.409,-3.93169,-132.893,-1787.55,-137.435,-3.90245,-4.58344,-544.582,-189.547,-224.791,-3.25721,-3.70159,-3.14561,-3.63632
-984.48,-4.22642,-3.92651,-174.291,-484.57,-198.229,-3.75351,-3.50367,-1320.19,-188.409,-4.33643,-4.44176,-1229.92,-4.88217,-4.82841,-4.80624,-987.567,-692.912,-933.228,-4.89928,-244343,-4.83406,-357.866,-4.60892,-4.84058,-4.8464,-940.822,-4.49838,-383,-320.592,-4.60476,-9230.03,-3.89793,-3.54913,-4.73195,-423.133,-917.767,-2.80081,-2.70033,-3.47902,-1493.35,-109.456,-1184.04,-235.648
-3.16266,-173.835,-329.938,-3.32181,-2.22526,-3.07198,-695.315,-170.829,-4.26102,-2.78277,-3374.11,-320.552,-4.45689,-165.971,-221.064,-262.018,-4.66079,-4.77056,-4.83442,-171.264,-4.83406,-244343,-4.83055,-245.685,-632.63,-614.9,-4.80612,-140.361,-4.60668,-4.43845,-693.545,-4.3556,-1310.91,-118.907,-663.406,-4.32225,-4.7618,-93.8781,-154.336,-243.004,-3.87939,-4.12836,-3.81274,-4.13145
-208.179,-4.3149,-4.04425,-435.787,-381.669,-719.807,-3.88436,-3.65221,-260.909,-695.08,-4.40513,-4.51016,-268.449,-4.87863,-4.84159,-4.82894,-543.475,-237.256,-255.638,-4.86881,-357.866,-4.83055,-244343,-4.53179,-4.80956,-4.79902,-542.889,-4.39657,-2473.49,-162.803,-4.52282,-312.534,-3.75791,-3.37293,-4.67743,-182.205,-539.464,-2.54665,-2.43216,-3.29402,-235.37,-178.129,-335.626,-1434.5
-4.51815,-374.292,-414.953,-4.51095,-4.21687,-4.4754,-77.0582,-28.065,-4.85468,-4.38117,-195.526,-814.375,-4.81893,-388.863,-1143.82,-42983.2,-4.77579,-4.69479,-4.8178,-460.09,-4.60892,-245.685,-4.53179,-244343,-439.816,-452.875,-3.93571,-414.511,-3.55129,-2.71955,-407.703,-2.3884,-224.945,-558.275,-193.363,-2.38207,-3.76691,-949.221,-693.936,-701.988,-0.378536,-2.1674,0,-1.78491
-3.83772,-221.519,-698.019,-3.91474,-3.25165,-3.77183,-266.199,-109.827,-4.58632,-3.58552,-676.617,-633.221,-4.68699,-218.415,-326.35,-429.908,-4.79315,-4.83219,-4.91793,-233.867,-4.84058,-632.63,-4.80956,-439.816,-244343,-244343,-4.59507,-202.746,-4.33853,-3.99219,-3482.1,-3.85397,-400.931,-203.708,-331.267,-3.82544,-4.51244,-212.988,-654.538,-849.326,-3.17602,-3.63034,-3.0624,-3.55936
-4.18238,-206.934,-631.236,-4.22349,-3.71838,-4.12473,-229.311,-91.5036,-4.76889,-3.97737,-626.129,-599.812,-4.81961,-216.557,-320.661,-419.937,-4.87183,-4.87043,-4.9684,-235.01,-4.8464,-614.9,-4.79902,-452.875,-244343,-244343,-4.46526,-211.44,-4.17127,-3.69738,-3524.35,-3.51491,-419.943,-222.628,-330.812,-3.49123,-4.35724,-244.897,-761.867,-937.127,-2.65773,-3.29308,-2.49369,-3.16067
-223.074,-4.79452,-4.65537,-129.353,0,-119.472,-4.54825,-4.38323,-440.582,-52.7712,-4.78298,-4.89555,-467.624,-4.85891,-4.92636,-4.97238,-27416,-385.159,-444.013,-4.66485,-940.822,-4.80612,-542.889,-3.93571,-4.59507,-4.46526,-244343,-3.57104,-700.913,-264.706,-3.88526,-1019.44,-2.41953,-1.38642,-4.27625,-324.051,-91777.8,0,0,-1.00853,-610.786,-145.927,-2074.57,-399.246
-4.79204,-524.486,0,-4.75451,-4.5768,-4.75555,0,0,-4.97634,-4.69041,-90.821,-168.206,-4.88237,-29087.2,-490.055,-320.112,-4.77143,-4.63237,-4.77442,-3301,-4.49838,-140.361,-4.39657,-414.511,-202.746,-211.44,-3.57104,-244343,-3.09343,-1.77997,-206.487,-1.05708,-147.896,-1345.43,-129.321,-1.13263,-3.34143,-623.069,-252.144,-260.943,0,-0.729567,0,0
-46.5606,-4.72336,-4.61842,-149.847,0,0,-4.52719,-4.38069,-217.468,0,-4.69184,-4.80281,-243.623,-4.65437,-4.75255,-4.81509,-597.079,-234.568,-251.96,-4.40681,-383,-4.60668,-2473.49,-3.55129,-4.33853,-4.17127,-700.913,-3.09343,-244343,-191.667,-3.48699,-409.412,-1.63756,0,-3.96383,-221.078,-707.828,0,0,0,-321.463,-193.307,-501.289,-1021.35
0,-4.90824,-4.87634,0,0,0,-4.81191,-4.69631,-231.469,0,-4.8166,-4.93315,-319.799,-4.4862,-4.67134,-4.78002,-202.095,-644.764,-490.137,-4.06873,-320.592,-4.43845,-162.803,-2.71955,-3.99219,-3.69738,-264.706,-1.77997,-191.667,-244343,-2.58249,-362.638,0,0,-3.40978,-1386.24,-266.458,0,0,0,-442.462,-98.4873,-298.665,-166.069
-4.6082,-141.696,-293.918,-4.59297,-4.33334,-4.56725,-114.543,0,-4.90182,-4.48185,-626.738,-392.358,-4.85257,-189.66,-265.16,-330.725,-4.79376,-4.70062,-4.82615,-212.409,-4.60476,-693.545,-4.52282,-407.703,-3482.1,-3524.35,-3.88526,-206.487,-3.48699,-2.58249,-244343,-2.20845,-521.995,-230.318,-361.279,-2.21004,-3.70625,-264.01,-703.889,-799.336,0,-1.98367,0,-1.50729
0,-4.92926,-4.9204,0,0,0,-4.86577,-4.76196,-445.119,0,-4.82202,-4.93729,-644.148,-4.4015,-4.61255,-4.73435,-751.662,-515.783,-657.493,-3.93169,-9230.03,-4.3556,-312.534,-2.3884,-3.85397,-3.51491,-1019.44,-1.05708,-409.412,-362.638,-2.20845,-244343,0,0,-3.19928,-488.391,-1020.27,0,0,0,-1729.62,-133.297,-1947.05,-302.739
-4.80693,0,0,-4.73805,-4.72269,-4.78939,0,0,-4.75476,-4.76739,0,0,-4.57136,-110.617,-124.902,-129.743,-4.35444,-4.11327,-4.28325,-132.893,-3.89793,-1310.91,-3.75791,-224.945,-400.931,-419.943,-2.41953,-147.896,-1.63756,0,-521.995,0,-244343,-168.863,-1033.93,0,-1.99977,-189.152,-316.279,-329.496,0,0,0,0
-4.85942,0,0,-4.77067,-4.83305,-4.84927,0,0,-4.6826,-4.84699,0,0,-4.44013,-917.221,-557.207,-251.484,-4.14918,-3.8316,-4.02854,-1787.55,-3.54913,-118.907,-3.37293,-558.275,-203.708,-222.628,-1.38642,-1345.43,0,0,-230.318,0,-168.863,-244343,-129.633,0,-0.238052,-1319.49,-343.142,-339.746,0,0,0,0
-4.25666,-109.097,-154.929,-4.2822,-3.8565,-4.20585,-2671.56,-150.379,-4.7526,-4.0789,-459.961,-178.325,-4.77581,-128.487,-155.846,-172.805,-4.79871,-4.77325,-4.87689,-137.435,-4.73195,-663.406,-4.67743,-193.363,-331.267,-330.812,-4.27625,-129.321,-3.96383,-3.40978,-361.279,-3.19928,-1033.93,-129.633,-244343,-3.17885,-4.15399,-131.588,-196.905,-220.623,-2.20666,-2.9841,-1.99476,-2.80546
0,-4.88244,-4.87041,0,0,0,-4.81461,-4.70884,-288.034,0,-4.77796,-4.89381,-462.632,-4.36734,-4.57626,-4.6971,-237.209,-1441.76,-829.214,-3.90245,-423.133,-4.32225,-182.205,-2.38207,-3.82544,-3.49123,-324.051,-1.13263,-221.078,-1386.24,-2.21004,-488.391,0,0,-3.17885,-244343,-326.671,0,0,0,-659.054,-106.121,-384.779,-188.966
-150.497,-4.83893,-4.72109,-102.358,0,-56.8274,-4.62256,-4.46788,-414.329,0,-4.81148,-4.92469,-447.787,-4.81418,-4.90179,-4.95876,-20112.8,-376.438,-432.601,-4.58344,-917.767,-4.7618,-539.464,-3.76691,-4.51244,-4.35724,-91777.8,-3.34143,-707.828,-266.458,-3.70625,-1020.27,-1.99977,-0.238052,-4.15399,-326.671,-244343,0,0,0,-618.547,-148.085,-2068.94,-407.384
-4.77766,0,0,-4.6668,-4.84112,-4.78295,0,0,-4.4092,-4.8106,0,0,-4.0775,-288.731,-601.108,0,-3.6674,-3.2145,-3.45491,-544.582,-2.80081,-93.8781,-2.54665,-949.221,-212.988,-244.897,0,-623.069,0,0,-264.01,0,-189.152,-1319.49,-131.588,0,0,-244343,-467.444,-450.908,0,0,0,0
-4.7611,0,0,-4.64855,-4.83572,-4.76851,0,0,-4.3701,-4.79981,0,0,-4.02883,-106.852,0,0,-3.60453,-3.13408,-3.37939,-189.547,-2.70033,-154.336,-2.43216,-693.936,-654.538,-761.867,0,-252.144,0,0,-703.889,0,-316.279,-343.142,-196.905,0,0,-467.444,-244343,-11228.7,0,0,0,0
-4.88088,0,0,-4.78836,-4.87119,-4.87288,0,0,-4.67223,-4.87618,0,0,-4.41791,-166.434,-222.283,-260.39,-4.11098,-3.77712,-3.97785,-224.791,-3.47902,-243.004,-3.29402,-701.988,-849.326,-937.127,-1.00853,-260.943,0,0,-799.336,0,-329.496,-339.746,-220.623,0,0,-450.908,-11228.7,-244343,0,0,0,0
0,-4.75808,-4.81063,0,0,0,-4.78276,-4.70809,0,0,-4.61175,-4.72533,-889.079,-3.91474,-4.21289,-4.37798,-360.324,-680.235,-1067.99,-3.25721,-1493.35,-3.87939,-235.37,-0.378536,-3.17602,-2.65773,-610.786,0,-321.463,-442.462,0,-1729.62,0,0,-2.20666,-659.054,-618.547,0,0,0,-244343,-125.185,-928.525,-262.017
0,-4.69747,-4.6964,0,0,0,-4.64974,-4.5553,-38.1099,0,-4.59654,-4.7048,-65.1327,-4.16599,-4.37684,-4.498,-104.587,-86.7795,-85.7344,-3.70159,-109.456,-4.12836,-178.129,-2.1674,-3.63034,-3.29308,-145.927,-0.729567,-193.307,-98.4873,-1.98367,-133.297,0,0,-2.9841,-106.121,-148.085,0,0,0,-125.185,-244343,-142.917,-239.502
0,-4.75498,-4.81943,0,0,0,-4.79654,-4.72763,0,0,-4.6005,-4.71347,-105.599,-3.84684,-4.16319,-4.33693,-1193.89,-308.64,-349.203,-3.14561,-1184.04,-3.81274,-335.626,0,-3.0624,-2.49369,-2074.57,0,-501.289,-298.665,0,-1947.05,0,0,-1.99476,-384.779,-2068.94,0,0,0,-928.525,-142.917,-244343,-359.603
0,-4.82145,-4.8397,0,0,0,-4.79826,-4.70947,-23.2689,0,-4.70017,-4.81229,-112.023,-4.1714,-4.41439,-4.55204,-266.945,-154.284,-157.592,-3.63632,-235.648,-4.13145,-1434.5,-1.78491,-3.55936,-3.16067,-399.246,0,-1021.35,-166.069,-1.50729,-302.739,0,0,-2.80546,-188.966,-407.384,0,0,0,-262.017,-239.502,-359.603,-244343
