-69031.7,-287.133,-519.686,-92.3252,-40.6669,-125.727,-136.001,-13.8734,-284.593,-15.0006,-26.8968,-14.2896,-283.969,-192.764,-286.985,-38.2554,-273.744,-152.533,-14.7842,-283.168,-49.5169,-77.3575,-17.088,-59.1339,-293.35,-280.269,-289.865,-87.4232,-293.827,-279.265,-291.939,-282.16,-276.37,-13.5563,-289.044,-285.228,-281.051,-292.726,-277.395,-286.149,-275.261,-288.123,-278.156,-284.147,-273.741,-279.779,-282.903,-278.343,-276.885,-287.042,-14.4601,-32.9202,-15.4702,-267.019,-285.798,-276.739,-15.7809,-275.448,-299.941,-284.39,-80.3059,-274.966,-289.937,-300.038,-273.99,-270.887,-15.4418,-291.018,-279.921,-81.9882,-285.636,-273.018,-273.64,-288.693,-306.762,-268.541,-281.495,-15.3552,-43.573,-300.161,-17.7752,-13.4809,-13.1868,-278.171,-265.713,-15.1838,-27.0214,-18.5379
-287.133,-69031.7,-185.162,-138.479,-48.2899,-86.5694,-91.6637,-13.2955,-161.851,-14.3598,-30.1575,-13.8903,-161.883,-114.285,-1391.13,-44.8934,-203.2,-98.3312,-14.5296,-161.823,-60.9194,-108.212,-16.5524,-76.1108,-1422.08,-160.2,-1388.73,-129.274,-1461.51,-160.036,-1348.78,-161.663,-158.409,-14.1942,-1350.48,-1316.8,-161.422,-1385.24,-158.58,-1352.03,-158.159,-1315.28,-159.791,-1281.55,-201.648,-161.09,-1246.3,-160.668,-159.455,-1280.08,-14.9284,-37.6807,-16.7042,-199.993,-1244.86,-160.154,-15.2289,-159.029,-257.274,-1209.64,-86.482,-159.546,-1278.45,-258.99,-157.82,-158.038,-15.1,-1313.62,-1175.77,-118.626,-1171.31,-158.842,-200.055,-1243.27,-263.354,-157.12,-1211.04,-16.56,-45.2321,-260.727,-16.4515,-14.4834,-14.3541,-1140.4,-155.977,-14.4514,-30.4374,-20.2476
-519.686,-185.162,-69031.7,-78.6523,-37.933,-164.791,-182.76,-14.6113,-183.02,-15.8141,-25.8544,-14.9444,-182.476,-305.957,-185.635,-35.8704,-176.524,-215.482,-15.3851,-181.815,-45.4017,-67.3794,-17.9133,-53.2221,-189.562,-179.963,-187.478,-74.7189,-189.708,-179.166,-188.957,-181.015,-177.318,-12.81,-187.109,-184.815,-180.159,-189.312,-178.131,-185.26,-176.462,-186.664,-178.31,-184.27,-176.583,-179.197,-183.622,-178.128,-177.348,-186.119,-13.7564,-31.1202,-15.2908,-172.23,-185.471,-176.949,-16.5669,-176.279,-193.073,-184.721,-77.6926,-175.658,-187.968,-193.196,-175.5,-172.726,-16.1111,-188.513,-182.017,-70.1926,-185.673,-174.253,-176.579,-187.32,-197.49,-171.056,-182.872,-14.7339,-43.9329,-193.335,-18.571,-12.8829,-13.4713,-181.053,-169.053,-14.7622,-25.5472,-17.667
-92.3252,-138.479,-78.6523,-69031.7,-75.281,-52.6611,-54.6131,-11.266,-139.404,-12.1126,-38.5534,-12.1557,-139.266,-61.6968,-136.558,-67.0294,-144.981,-56.6401,-13.0155,-139.047,-110.473,-525.693,-14.3011,-174.757,-134.218,-140.432,-135.161,-2979.38,-134.625,-140.122,-133.206,-138.736,-141.508,-16.3373,-134.592,-135.373,-138.368,-133.751,-141.824,-135.978,-141.14,-133.987,-139.754,-134.69,-144.924,-137.923,-133.926,-137.401,-139.309,-133.304,-16.7103,-52.1708,-18.9133,-148.201,-132.54,-136.801,-13.0797,-138.787,-132.447,-131.695,-72.6452,-136.123,-131.918,-132.425,-140.695,-134.522,-13.3597,-132.601,-132.153,-1126.66,-129.338,-135.365,-144.887,-131.154,-129.206,-133.584,-133.081,-19.7943,-42.0973,-132.364,-14.0158,-17.323,-14.9061,-131.138,-132.44,-14.1176,-40.5687,-25.0393
-40.6669,-48.2899,-37.933,-75.281,-69031.7,-30.4014,-31.1918,-9.55669,-48.4477,-10.1696,-80.0802,-10.7979,-48.3514,-33.2605,-47.7958,-577.584,-50.5716,-31.5611,-11.97,-48.2252,-244.421,-88.6472,-12.3412,-134.972,-46.918,-48.717,-47.3005,-78.5643,-47.01,-48.5566,-46.6577,-48.0642,-49.0491,-16.9448,-47.1502,-47.4762,-47.8854,-46.8018,-49.2127,-47.6427,-48.8704,-46.9837,-48.3779,-47.2823,-50.5714,-47.6791,-47.0606,-47.445,-48.1716,-46.7898,-16.7797,-146.013,-26.7143,-51.7156,-46.5682,-47.1825,-11.2306,-47.9375,-46.0578,-46.3184,-44.5502,-46.8913,-46.2973,-46.0701,-48.6641,-46.2191,-12.0305,-46.4912,-46.5326,-79.19,-45.5344,-46.5708,-50.5783,-46.0757,-44.9261,-45.8315,-46.8109,-27.6298,-34.9642,-46.0682,-11.5979,-23.3799,-18.0157,-46.2244,-45.3634,-11.0417,-91.0325,-38.8295
-125.727,-86.5694,-164.791,-52.6611,-30.4014,-69031.7,-1836.82,-15.4373,-85.5815,-16.7132,-22.114,-15.4885,-85.3313,-360.288,-86.767,-29.106,-82.4943,-691.58,-15.6991,-85.0262,-35.1367,-47.1026,-18.5907,-39.5883,-88.6273,-84.1515,-87.6368,-50.4395,-88.7035,-83.7825,-88.3285,-84.6555,-82.9094,-11.7431,-87.4554,-86.366,-84.2581,-88.5027,-83.2861,-86.5824,-82.512,-87.2391,-83.385,-86.1019,-82.5195,-83.8107,-85.7895,-83.3127,-82.9377,-86.9749,-12.8832,-25.9482,-13.7672,-80.4664,-86.6625,-82.7631,-17.3093,-82.4397,-90.3172,-86.3014,-58.8057,-82.1609,-87.848,-90.3723,-82.0647,-80.7916,-16.5414,-88.1121,-85.0178,-48.0063,-86.7442,-81.505,-82.5149,-87.5356,-92.4003,-80.0108,-85.4283,-13.2369,-38.8276,-90.4353,-21.3353,-11.6339,-11.7869,-84.5558,-79.074,-15.5796,-21.6997,-15.5982
-136.001,-91.6637,-182.76,-54.6131,-31.1918,-1836.82,-69031.7,-15.8781,-90.3657,-17.1964,-22.6481,-15.9368,-90.0298,-451.863,-92.1532,-29.8347,-87.3425,-1105.56,-16.1685,-89.6341,-36.0856,-48.6433,-19.1438,-40.7677,-94.0373,-88.7156,-93.0678,-52.2057,-94.0385,-88.2495,-93.8706,-89.166,-87.3331,-11.4697,-92.9542,-91.8817,-88.6738,-93.9803,-87.809,-92.0378,-86.841,-92.7981,-87.7574,-91.6759,-87.3993,-88.128,-91.4202,-87.5277,-87.2116,-92.5923,-12.5649,-26.4831,-14.1477,-85.2139,-92.3366,-86.8716,-17.8115,-86.6112,-95.4628,-92.0303,-62.1654,-86.1586,-93.5088,-95.5511,-86.2952,-84.553,-17.0355,-93.7145,-90.7568,-49.3738,-92.5723,-85.3872,-87.4247,-93.253,-97.6798,-83.6444,-91.1139,-13.2214,-40.6402,-95.6476,-21.1574,-11.5368,-12.6017,-90.3469,-82.5589,-14.8457,-21.9304,-15.5975
-13.8734,-13.2955,-14.6113,-11.266,-9.55669,-15.4373,-15.8781,-69031.7,-11.8449,-219.473,-9.01217,-335.562,-11.4625,-15.7241,-14.8583,-9.4758,-12.4891,-15.0798,-251.509,-11.0739,-9.75856,-10.2051,-123.916,-10.0444,-14.7162,-10.952,-14.9809,-10.2643,-14.2938,-10.5514,-15.5009,-10.6714,-10.4282,0,-15.3899,-15.6522,-10.2951,-15.1106,-10.8378,-15.2759,-10.052,-15.7661,-10.1751,-16.0285,-12.6505,-9.91881,-16.4048,-9.54253,-9.79881,-16.1424,0,-9.042,-6.80222,-12.1738,-16.5187,-9.16625,-217.419,-9.42253,-13.072,-16.895,-15.1236,-8.78997,-16.2535,-13.234,-9.67566,-8.03617,-2524.83,-15.8772,-17.1573,-8.16381,-17.3992,-8.41369,-12.8087,-16.6297,-13.4683,-7.65366,-16.781,-3.23934,-18.2983,-13.398,-20.579,-2.35241,0,-17.5346,-7.22917,-8.21458,-5.53223,-3.60066
-284.593,-161.851,-183.02,-139.404,-48.4477,-85.5815,-90.3657,-11.8449,-69031.7,-12.7939,-29.9942,-12.5228,-69031.7,-112.619,-156.838,-45.0315,-222.111,-97.3256,-13.195,-69031.7,-61.3503,-109.369,-14.9026,-76.6817,-154.25,-69031.7,-155.222,-130.688,-154.849,-69031.7,-152.837,-69031.7,-69031.7,-15.7623,-154.437,-155.22,-69031.7,-153.589,-69031.7,-156.037,-69031.7,-153.62,-69031.7,-154.309,-220.386,-69031.7,-153.304,-69031.7,-69031.7,-152.709,-16.4307,-38.1409,-16.2899,-225.504,-151.704,-69031.7,-13.6736,-69031.7,-225.691,-150.603,-79.1834,-69031.7,-151.109,-227.182,-69031.7,-69031.7,-13.6662,-152.02,-151.003,-121.565,-147.747,-69031.7,-218.684,-150.104,-223.168,-69031.7,-152.203,-17.3572,-41.4497,-228.629,-15.5364,-15.4135,-12.8263,-149.699,-69031.7,-15.8656,-31.3616,-21.2312
-15.0006,-14.3598,-15.8141,-12.1126,-10.1696,-16.7132,-17.1964,-219.473,-12.7939,-69031.7,-9.48219,-133.708,-12.3806,-17.0222,-16.0475,-10.0676,-13.5085,-16.3204,-117.078,-11.9604,-10.4204,-10.9597,-284.991,-10.7569,-15.8858,-11.8329,-16.1759,-11.0389,-15.4292,-11.3998,-16.7342,-11.5252,-11.2711,0,-16.6181,-16.9058,-11.1185,-16.3122,-11.7139,-16.499,-10.8643,-17.0249,-10.993,-17.3126,-13.683,-10.7117,-17.7193,-10.3049,-10.5862,-17.4317,-0.0849214,-9.55364,-7.05024,-13.1791,-17.8385,-9.89809,-69031.7,-10.1794,-14.1005,-18.2453,-16.6903,-9.49129,-17.5478,-14.2756,-10.4575,-8.67637,-236.291,-17.141,-18.5329,-8.77523,-18.7864,-9.0845,-13.8542,-17.9545,-14.5203,-8.26284,-18.1261,-3.40929,-20.8049,-14.4528,-21.371,-2.47914,0,-18.9408,-7.80393,-8.46531,-5.86336,-3.79991
-26.8968,-30.1575,-25.8544,-38.5534,-80.0802,-22.114,-22.6481,-9.01217,-29.9942,-9.48219,-69031.7,-10.3833,-29.862,-23.6313,-30.1359,-92.0039,-31.5156,-22.6126,-11.7042,-29.7094,-59.78,-41.7068,-11.5217,-50.2582,-29.5282,-30.0111,-29.8332,-39.5326,-29.5059,-29.8342,-29.5151,-29.5317,-30.1367,-15.4266,-29.8176,-30.0889,-29.3472,-29.5304,-30.3173,-30.1201,-29.9522,-29.7864,-29.6497,-30.0413,-31.5457,-29.1447,-29.9773,-28.9236,-29.4472,-29.7388,-15.0597,-126.792,-41.574,-32.2182,-29.6748,-28.6837,-10.5249,-29.2261,-28.652,-29.5943,-31.3554,-28.4243,-29.4363,-28.69,-29.7497,-27.8442,-11.5887,-29.4839,-29.7998,-38.3596,-29.19,-28.1451,-31.5801,-29.3723,-27.9873,-27.5177,-29.8968,-41.1563,-28.6516,-28.7192,-10.6246,-32.054,-20.5721,-29.6856,-27.1287,-8.51255,-455.523,-76.5715
-14.2896,-13.8903,-14.9444,-12.1557,-10.7979,-15.4885,-15.9368,-335.562,-12.5228,-133.708,-10.3833,-69031.7,-12.1582,-15.8492,-15.3683,-10.7117,-13.2566,-15.1831,-1079.81,-11.7877,-10.8903,-11.1892,-92.0298,-11.1427,-15.1791,-11.6998,-15.4581,-11.2443,-14.7764,-11.3178,-15.9274,-11.4039,-11.2294,0,-15.8481,-16.1253,-11.0451,-15.5552,-11.62,-15.7665,-10.8707,-16.2068,-10.959,-16.4841,-13.4106,-10.6863,-16.8429,-10.3275,-10.6002,-16.5656,-3.3394,-10.2478,-8.35874,-13.0302,-16.9244,-9.96873,-133.182,-10.2415,-13.5584,-17.2832,-16.0201,-9.60995,-16.6449,-13.7129,-10.5119,-8.8912,-297.838,-16.2862,-17.5605,-9.16288,-17.7374,-9.25117,-13.5624,-17.0037,-13.8789,-8.52648,-17.2017,-4.22077,-19.3645,-13.8687,-19.34,-3.28468,0,-17.9202,-8.12173,-8.10888,-6.66837,-4.61282
-283.969,-161.883,-182.476,-139.266,-48.3514,-85.3313,-90.0298,-11.4625,-69031.7,-12.3806,-29.862,-12.1582,-69031.7,-112.188,-156.109,-44.9409,-218.006,-97.0744,-12.8356,-69031.7,-61.2947,-109.376,-14.4621,-76.6188,-153.611,-69031.7,-154.492,-130.702,-154.312,-69031.7,-152.006,-69031.7,-69031.7,-16.1781,-153.606,-154.294,-69031.7,-152.854,-69031.7,-155.206,-69031.7,-152.694,-69031.7,-153.287,-216.253,-69031.7,-152.184,-69031.7,-69031.7,-151.687,-16.8332,-38.1623,-16.1204,-221.336,-150.584,-69031.7,-13.2604,-69031.7,-229.192,-149.383,-77.1581,-69031.7,-150.087,-230.656,-69031.7,-69031.7,-13.2814,-151.094,-149.681,-122.018,-146.42,-69031.7,-214.524,-148.984,-226.58,-69031.7,-150.983,-17.5183,-40.3979,-232.076,-15.277,-15.6109,-12.3792,-148.271,-69031.7,-16.2723,-31.5216,-21.4309
-192.764,-114.285,-305.957,-61.6968,-33.2605,-360.288,-451.863,-15.7241,-112.619,-17.0222,-23.6313,-15.8492,-112.188,-69031.7,-114.934,-31.6859,-108.837,-752.729,-16.1362,-111.68,-38.9293,-54.209,-19.0251,-44.5459,-117.3,-110.523,-116.087,-58.8018,-117.292,-109.927,-117.107,-111.081,-108.773,-11.6359,-115.952,-114.61,-110.453,-117.236,-109.382,-114.798,-108.144,-115.764,-109.298,-114.359,-108.912,-109.756,-114.045,-108.991,-108.602,-115.513,-12.7083,-27.865,-14.494,-106.156,-115.199,-108.155,-17.6751,-107.836,-119.054,-114.822,-68.8106,-107.247,-116.668,-119.169,-107.448,-105.205,-16.9764,-116.918,-113.226,-55.3486,-115.514,-106.266,-108.947,-116.354,-121.851,-104.05,-113.668,-13.51,-42.5308,-119.294,-20.3753,-11.7451,-13.0144,-112.719,-102.67,-14.6236,-22.8919,-16.0381
-286.985,-1391.13,-185.635,-136.558,-47.7958,-86.767,-92.1532,-14.8583,-156.838,-16.0475,-30.1359,-15.3683,-156.109,-114.934,-69031.7,-44.4465,-235.416,-98.4189,-15.9763,-155.272,-60.0438,-106.218,-18.3362,-74.9754,-69031.7,-153.668,-69031.7,-126.847,-69031.7,-152.701,-69031.7,-154.301,-151.101,-12.5008,-69031.7,-69031.7,-153.295,-69031.7,-152.088,-69031.7,-150.095,-69031.7,-151.695,-69031.7,-233.981,-152.193,-69031.7,-150.992,-150.593,-69031.7,-13.3015,-36.9435,-17.0221,-231.252,-69031.7,-149.691,-16.9082,-149.392,-210.352,-69031.7,-94.4624,-148.286,-69031.7,-212.149,-148.993,-145.148,-16.6526,-69031.7,-69031.7,-114.501,-69031.7,-146.774,-232.493,-69031.7,-215.392,-143.384,-69031.7,-15.5067,-49.3703,-213.961,-17.2168,-13.2585,-16.0505,-69031.7,-141.284,-12.8877,-29.1748,-18.9488
-38.2554,-44.8934,-35.8704,-67.0294,-577.584,-29.106,-29.8347,-9.4758,-45.0315,-10.0676,-92.0039,-10.7117,-44.9409,-31.6859,-44.4465,-69031.7,-46.992,-30.1417,-11.8849,-44.8228,-172.373,-77.3682,-12.1993,-110.252,-43.6369,-45.2753,-43.9908,-69.7209,-43.7193,-45.1257,-43.4014,-44.6725,-45.5789,-16.9696,-43.8546,-44.1566,-44.506,-43.532,-45.7316,-44.3079,-45.4124,-43.7034,-44.9592,-43.9802,-46.9927,-44.3141,-43.7782,-44.0966,-44.7673,-43.5269,-16.7659,-181.196,-27.8107,-48.0448,-43.325,-43.853,-11.1133,-44.5498,-42.8356,-43.0972,-42.2299,-43.5828,-43.0737,-42.8478,-45.2206,-42.9599,-11.9282,-43.2502,-43.2964,-69.9082,-42.378,-43.2857,-46.9998,-42.8718,-41.795,-42.6009,-43.5504,-28.8261,-33.9566,-42.8469,-11.4747,-24.2341,-18.1737,-43.0149,-42.1675,-10.8868,-107.777,-41.426
-273.744,-203.2,-176.524,-144.981,-50.5716,-82.4943,-87.3425,-12.4891,-222.111,-13.5085,-31.5156,-13.2566,-218.006,-108.837,-235.416,-46.992,-69031.7,-93.6779,-14.0206,-213.768,-63.8129,-113.435,-15.8058,-79.7682,-228.637,-212.321,-233.706,-135.581,-224.885,-207.912,-235.4,-209.309,-206.503,-14.9337,-237.226,-242.241,-205.076,-232.07,-210.982,-239.041,-202.324,-240.4,-203.706,-245.379,-69031.7,-200.781,-248.454,-196.422,-199.438,-243.51,-15.5222,-39.4676,-17.4489,-69031.7,-246.558,-192,-14.4665,-195.107,-155.537,-249.541,-85.449,-187.514,-241.63,-157.137,-198.083,-178.33,-14.5124,-238.547,-254.411,-124.792,-250.625,-182.963,-69031.7,-244.65,-156.756,-173.568,-251.465,-17.5513,-44.7598,-158.735,-15.4899,-15.445,-14.7894,-257.301,-168.202,-14.1916,-32.0722,-21.4534
-152.533,-98.3312,-215.482,-56.6401,-31.5611,-691.58,-1105.56,-15.0798,-97.3256,-16.3204,-22.6126,-15.1831,-97.0744,-752.729,-98.4189,-30.1417,-93.6779,-69031.7,-15.4299,-96.761,-36.7672,-50.295,-18.2123,-41.7486,-100.587,-95.7578,-99.4159,-54.1974,-100.713,-95.3727,-100.171,-96.3742,-94.3712,-12.0712,-99.1699,-97.885,-95.9546,-100.408,-94.7642,-98.1684,-93.9516,-98.8865,-94.9531,-97.5465,-93.6919,-95.4783,-97.1523,-94.9445,-94.4768,-98.548,-13.2077,-26.7524,-13.8604,-91.3515,-98.1538,-94.3521,-16.9394,-93.943,-102.697,-97.7031,-61.8256,-93.7002,-99.5495,-102.745,-93.4753,-92.21,-16.2384,-99.888,-96.1939,-51.585,-98.1727,-92.9875,-93.6717,-99.1553,-105.071,-91.3569,-96.7016,-13.506,-39.3577,-102.802,-20.7166,-11.8838,-11.7065,-95.6264,-90.3308,-15.771,-22.356,-15.9807
-14.7842,-14.5296,-15.3851,-13.0155,-11.97,-15.6991,-16.1685,-251.509,-13.195,-117.078,-11.7042,-1079.81,-12.8356,-16.1362,-15.9763,-11.8849,-14.0206,-15.4299,-69031.7,-12.4703,-11.9571,-12.1118,-84.5352,-12.1733,-15.7425,-12.4081,-16.041,-12.1588,-15.3454,-12.0316,-16.4802,-12.0919,-11.9694,-3.45974,-16.4255,-16.7226,-11.7381,-16.1133,-12.3544,-16.3689,-11.6156,-16.7792,-11.6778,-17.0764,-14.1726,-11.3844,-17.4301,-11.0307,-11.3241,-17.1329,-4.85768,-11.3942,-9.87794,-13.8592,-17.4867,-10.677,-117.461,-10.9704,-14.0973,-17.8404,-16.9927,-10.3232,-17.1877,-14.2496,-11.2619,-9.6146,-234.597,-16.8339,-18.1375,-10.0477,-18.2647,-9.9695,-14.323,-17.5414,-14.3614,-9.25502,-17.7838,-5.14978,-20.6423,-14.4028,-18.313,-4.15455,0,-18.4922,-8.85598,-7.95358,-7.71902,-5.55151
-283.168,-161.823,-181.815,-139.047,-48.2252,-85.0262,-89.6341,-11.0739,-69031.7,-11.9604,-29.7094,-11.7877,-69031.7,-111.68,-155.272,-44.8228,-213.768,-96.761,-12.4703,-69031.7,-61.203,-109.322,-14.0145,-76.5107,-152.866,-69031.7,-153.652,-130.641,-153.671,-69031.7,-151.062,-69031.7,-69031.7,-16.6008,-152.662,-153.252,-69031.7,-152.01,-69031.7,-154.262,-69031.7,-151.652,-69031.7,-152.146,-211.988,-69031.7,-150.942,-69031.7,-69031.7,-150.546,-17.2423,-38.1628,-15.9353,-217.035,-149.342,-69031.7,-12.8403,-69031.7,-232.686,-148.036,-75.0996,-69031.7,-148.946,-234.123,-69031.7,-69031.7,-12.8903,-150.052,-148.227,-122.405,-144.961,-69031.7,-210.23,-147.742,-229.983,-69031.7,-149.636,-17.6695,-39.329,-235.514,-14.9964,-15.7983,-11.9248,-146.707,-69031.7,-16.6858,-31.6648,-21.6184
-49.5169,-60.9194,-45.4017,-110.473,-244.421,-35.1367,-36.0856,-9.75856,-61.3503,-10.4204,-59.78,-10.8903,-61.2947,-38.9293,-60.0438,-172.373,-63.8129,-36.7672,-11.9571,-61.203,-69031.7,-141.111,-12.5689,-301.141,-59.009,-61.8185,-59.4227,-116.874,-59.1961,-61.6866,-58.5477,-61.0706,-62.3027,-17.4731,-59.1637,-59.5053,-60.9121,-58.7957,-62.437,-59.7797,-62.1442,-58.8893,-61.5282,-59.1958,-63.7853,-60.7199,-58.8506,-60.4935,-61.3359,-58.5797,-17.4274,-96.3026,-23.3834,-65.2439,-58.2346,-60.2327,-11.4469,-61.1096,-58.2487,-57.8531,-50.9972,-59.937,-57.9637,-58.2368,-61.9519,-59.2373,-12.0928,-58.2733,-58.0506,-121.173,-56.7989,-59.6058,-63.7665,-57.6185,-56.8058,-58.8262,-58.4691,-24.8793,-36.7555,-58.2071,-12.0773,-21.428,-16.4875,-57.5931,-58.3247,-12.4355,-66.0862,-33.5331
-77.3575,-108.212,-67.3794,-525.693,-88.6472,-47.1026,-48.6433,-10.2051,-109.369,-10.9597,-41.7068,-11.1892,-109.376,-54.209,-106.218,-77.3682,-113.435,-50.295,-12.1118,-109.322,-141.111,-69031.7,-13.1055,-265.468,-104.48,-110.419,-105.108,-650.392,-104.935,-110.297,-103.428,-109.199,-111.395,-17.5171,-104.526,-105.023,-109.023,-103.986,-111.519,-105.624,-111.219,-103.925,-110.121,-104.357,-113.34,-108.788,-103.625,-108.493,-109.886,-103.259,-17.7325,-58.605,-19.5186,-115.985,-102.527,-108.137,-11.9469,-109.591,-103.654,-101.728,-64.9884,-107.721,-102.161,-103.588,-110.984,-106.701,-12.3642,-102.827,-101.959,-969.575,-99.7226,-107.243,-113.261,-101.429,-101.037,-106.086,-102.826,-21.2579,-39.3792,-103.489,-13.0418,-18.6888,-14.4425,-101.019,-105.326,-14.3409,-45.0121,-27.1897
-17.088,-16.5524,-17.9133,-14.3011,-12.3412,-18.5907,-19.1438,-123.916,-14.9026,-284.991,-11.5217,-92.0298,-14.4621,-19.0251,-18.3362,-12.1993,-15.8058,-18.2123,-84.5352,-14.0145,-12.5689,-13.1055,-69031.7,-12.9515,-18.0999,-13.9123,-18.4407,-13.2085,-17.6134,-13.4509,-19.0039,-13.5508,-13.3482,-0.298156,-18.9118,-19.2507,-13.1174,-18.5543,-13.82,-18.8172,-12.9148,-19.3453,-13.0175,-19.6841,-15.9919,-12.684,-20.1175,-12.2505,-12.584,-19.7787,-3.75664,-11.5116,-8.81534,-15.5426,-20.2121,-11.8171,-288.041,-12.1506,-16.1343,-20.6456,-20.0285,-11.3837,-19.8707,-16.3209,-12.4814,-10.5154,-130.932,-19.4373,-20.9844,-10.7224,-21.1905,-10.9503,-16.1754,-20.3041,-16.5131,-10.0748,-20.551,-4.60799,-25.9838,-16.5092,-21.1615,-3.56778,0,-21.419,-9.58583,-8.73375,-7.48599,-5.08781
-59.1339,-76.1108,-53.2221,-174.757,-134.972,-39.5883,-40.7677,-10.0444,-76.6817,-10.7569,-50.2582,-11.1427,-76.6188,-44.5459,-74.9754,-110.252,-79.7682,-41.7486,-12.1733,-76.5107,-301.141,-265.468,-12.9515,-69031.7,-73.6764,-77.2877,-74.1912,-189.262,-73.9209,-77.1291,-73.0782,-76.3514,-77.9068,-17.2986,-73.8559,-74.2795,-76.1588,-73.3993,-78.0685,-74.6336,-77.7142,-73.5018,-76.9365,-73.8809,-79.7302,-75.9236,-73.4371,-75.6454,-76.7013,-73.1032,-17.3639,-74.5454,-21.7644,-81.5747,-72.6594,-75.3238,-11.7896,-76.4231,-72.7531,-72.1697,-57.6322,-74.9582,-72.3255,-72.735,-77.479,-74.0908,-12.3596,-72.7241,-72.4108,-204.857,-70.8302,-74.548,-79.7033,-71.8817,-70.9284,-73.5802,-72.9474,-23.1055,-38.6445,-72.6943,-12.4964,-20.0719,-15.985,-71.8248,-72.9565,-12.9552,-54.3999,-30.2942
-293.35,-1422.08,-189.562,-134.218,-46.918,-88.6273,-94.0373,-14.7162,-154.25,-15.8858,-29.5282,-15.1791,-153.611,-117.3,-69031.7,-43.6369,-228.637,-100.587,-15.7425,-152.866,-59.009,-104.48,-18.0999,-73.6764,-69031.7,-151.262,-69031.7,-124.754,-69031.7,-150.391,-69031.7,-151.991,-148.791,-12.6684,-69031.7,-69031.7,-151.077,-69031.7,-149.68,-69031.7,-147.877,-69031.7,-149.477,-69031.7,-227.2,-150.069,-69031.7,-148.965,-148.469,-69031.7,-13.5202,-36.3737,-16.5863,-224.48,-69031.7,-147.762,-16.7114,-147.365,-211.536,-69031.7,-92.3661,-146.458,-69031.7,-213.284,-146.869,-143.531,-16.4199,-69031.7,-69031.7,-113.011,-69031.7,-145.05,-225.709,-69031.7,-216.64,-141.879,-69031.7,-15.3923,-48.2536,-215.048,-17.4306,-13.2138,-15.2833,-69031.7,-139.909,-13.4773,-28.8335,-18.8154
-280.269,-160.2,-179.963,-140.432,-48.717,-84.1515,-88.7156,-10.952,-69031.7,-11.8329,-30.0111,-11.6998,-69031.7,-110.523,-153.668,-45.2753,-212.321,-95.7578,-12.4081,-69031.7,-61.8185,-110.419,-13.9123,-77.2877,-151.262,-69031.7,-152.048,-131.966,-152.067,-69031.7,-149.457,-69031.7,-69031.7,-16.7114,-151.057,-151.647,-69031.7,-150.405,-69031.7,-152.657,-69031.7,-150.047,-69031.7,-150.54,-210.553,-69031.7,-149.335,-69031.7,-69031.7,-148.94,-17.3224,-38.5425,-16.1119,-215.614,-147.735,-69031.7,-12.7314,-69031.7,-230.94,-146.429,-75.1437,-69031.7,-147.34,-232.365,-69031.7,-69031.7,-12.8147,-148.447,-146.62,-123.644,-143.354,-69031.7,-208.807,-146.135,-228.199,-69031.7,-148.029,-17.8567,-39.3658,-233.745,-14.8138,-15.974,-12.0807,-145.099,-69031.7,-16.5816,-31.9881,-21.8457
-289.865,-1388.73,-187.478,-135.161,-47.3005,-87.6368,-93.0678,-14.9809,-155.222,-16.1759,-29.8332,-15.4581,-154.492,-116.087,-69031.7,-43.9908,-233.706,-99.4159,-16.041,-153.652,-59.4227,-105.108,-18.4407,-74.1912,-69031.7,-152.048,-69031.7,-125.507,-69031.7,-151.079,-69031.7,-152.679,-149.479,-12.3771,-69031.7,-69031.7,-151.671,-69031.7,-150.469,-69031.7,-148.471,-69031.7,-150.071,-69031.7,-232.284,-150.566,-69031.7,-149.363,-148.966,-69031.7,-13.2097,-36.5713,-16.8463,-229.514,-69031.7,-148.06,-17.0188,-147.763,-208.853,-69031.7,-94.4365,-146.652,-69031.7,-210.639,-147.366,-143.51,-16.7307,-69031.7,-69031.7,-113.24,-69031.7,-145.139,-230.807,-69031.7,-213.907,-141.743,-69031.7,-15.3139,-49.3428,-212.44,-17.4014,-13.0764,-15.8939,-69031.7,-139.639,-12.9794,-28.8449,-18.7148
-87.4232,-129.274,-74.7189,-2979.38,-78.5643,-50.4395,-52.2057,-10.2643,-130.688,-11.0389,-39.5326,-11.2443,-130.702,-58.8018,-126.847,-69.7209,-135.581,-54.1974,-12.1588,-130.641,-116.874,-650.392,-13.2085,-189.262,-124.754,-131.966,-125.507,-69031.7,-125.309,-131.824,-123.474,-130.499,-133.149,-17.4179,-124.799,-125.393,-130.291,-124.152,-133.294,-126.124,-132.942,-124.067,-131.616,-124.583,-135.465,-130.012,-123.695,-129.661,-131.337,-123.258,-17.6762,-54.3549,-19.0851,-138.66,-122.37,-129.236,-12.033,-130.986,-123.782,-121.4,-68.1699,-128.739,-121.933,-123.699,-132.662,-127.517,-12.4271,-122.742,-121.673,-1873.65,-118.973,-128.167,-135.367,-121.044,-120.621,-126.781,-122.725,-20.7663,-39.8456,-123.578,-13.1917,-18.3173,-14.2546,-120.532,-125.87,-14.5317,-42.4537,-26.319
-293.827,-1461.51,-189.708,-134.625,-47.01,-88.7035,-94.0385,-14.2938,-154.849,-15.4292,-29.5059,-14.7764,-154.312,-117.292,-69031.7,-43.7193,-224.885,-100.713,-15.3454,-153.671,-59.1961,-104.935,-17.6134,-73.9209,-69031.7,-152.067,-69031.7,-125.309,-69031.7,-151.306,-69031.7,-152.906,-149.706,-13.1277,-69031.7,-69031.7,-152.097,-69031.7,-150.483,-69031.7,-148.896,-69031.7,-150.496,-69031.7,-223.419,-151.194,-69031.7,-150.198,-149.594,-69031.7,-13.9648,-36.5419,-16.4814,-220.798,-69031.7,-149.105,-16.2549,-148.598,-216.069,-69031.7,-90.1288,-147.914,-69031.7,-217.787,-147.994,-145.223,-15.9948,-69031.7,-69031.7,-114.052,-69031.7,-146.623,-221.899,-69031.7,-221.212,-143.697,-69031.7,-15.6713,-47.0918,-219.522,-17.2456,-13.5432,-14.7894,-69031.7,-141.87,-13.9267,-29.1577,-19.1598
-279.265,-160.036,-179.166,-140.122,-48.5566,-83.7825,-88.2495,-10.5514,-69031.7,-11.3998,-29.8342,-11.3178,-69031.7,-109.927,-152.701,-45.1257,-207.912,-95.3727,-12.0316,-69031.7,-61.6866,-110.297,-13.4509,-77.1291,-150.391,-69031.7,-151.079,-131.824,-151.306,-69031.7,-148.378,-69031.7,-69031.7,-17.1471,-149.978,-150.466,-69031.7,-149.431,-69031.7,-151.578,-69031.7,-148.866,-69031.7,-149.254,-206.115,-69031.7,-147.941,-69031.7,-69031.7,-147.654,-17.7441,-38.5214,-15.907,-211.139,-146.341,-69031.7,-12.2985,-69031.7,-234.444,-144.925,-73.0218,-69031.7,-146.054,-235.841,-69031.7,-69031.7,-12.4116,-147.266,-145.002,-123.968,-141.731,-69031.7,-204.34,-144.741,-231.608,-69031.7,-146.525,-17.9995,-38.2639,-237.192,-14.5057,-16.1536,-11.6123,-143.364,-69031.7,-17.0077,-32.1154,-22.0231
-291.939,-1348.78,-188.957,-133.206,-46.6577,-88.3285,-93.8706,-15.5009,-152.837,-16.7342,-29.5151,-15.9274,-152.006,-117.107,-69031.7,-43.4014,-235.4,-100.171,-16.4802,-151.062,-58.5477,-103.428,-19.0039,-73.0782,-69031.7,-149.457,-69031.7,-123.474,-69031.7,-148.378,-69031.7,-149.979,-146.778,-11.8149,-69031.7,-69031.7,-148.866,-69031.7,-147.88,-69031.7,-145.666,-69031.7,-147.266,-69031.7,-234.018,-147.654,-69031.7,-146.341,-146.054,-69031.7,-12.6941,-35.9951,-16.7472,-231.114,-69031.7,-144.925,-17.5596,-144.741,-202.909,-69031.7,-96.5227,-143.402,-69031.7,-204.712,-144.454,-140.016,-17.2096,-69031.7,-69031.7,-110.814,-69031.7,-141.769,-232.581,-69031.7,-207.939,-138.119,-69031.7,-14.8203,-50.4122,-206.53,-17.735,-12.5396,-16.2008,-69031.7,-135.865,-12.6425,-28.1581,-18.1095
-282.16,-161.663,-181.015,-138.736,-48.0642,-84.6555,-89.166,-10.6714,-69031.7,-11.5252,-29.5317,-11.4039,-69031.7,-111.081,-154.301,-44.6725,-209.309,-96.3742,-12.0919,-69031.7,-61.0706,-109.199,-13.5508,-76.3514,-151.991,-69031.7,-152.679,-130.499,-152.906,-69031.7,-149.979,-69031.7,-69031.7,-17.0385,-151.578,-152.066,-69031.7,-151.031,-69031.7,-153.178,-69031.7,-150.466,-69031.7,-150.854,-207.5,-69031.7,-149.541,-69031.7,-69031.7,-149.254,-17.666,-38.1402,-15.7295,-212.509,-147.941,-69031.7,-12.4053,-69031.7,-236.235,-146.525,-72.9675,-69031.7,-147.654,-237.644,-69031.7,-69031.7,-12.4852,-148.866,-146.602,-122.73,-143.331,-69031.7,-205.713,-146.341,-233.438,-69031.7,-148.125,-17.813,-38.2217,-239.006,-14.6869,-15.9788,-11.4542,-144.964,-69031.7,-17.114,-31.7928,-21.7967
-276.37,-158.409,-177.318,-141.508,-49.0491,-82.9094,-87.3331,-10.4282,-69031.7,-11.2711,-30.1367,-11.2294,-69031.7,-108.773,-151.101,-45.5789,-206.503,-94.3712,-11.9694,-69031.7,-62.3027,-111.395,-13.3482,-77.9068,-148.791,-69031.7,-149.479,-133.149,-149.706,-69031.7,-146.778,-69031.7,-69031.7,-17.2528,-148.378,-148.866,-69031.7,-147.831,-69031.7,-149.978,-69031.7,-147.266,-69031.7,-147.654,-204.718,-69031.7,-146.341,-69031.7,-69031.7,-146.054,-17.82,-38.9025,-16.0845,-209.757,-144.741,-69031.7,-12.1888,-69031.7,-232.641,-143.325,-73.0676,-69031.7,-144.454,-234.026,-69031.7,-69031.7,-12.3358,-145.666,-143.402,-125.205,-140.131,-69031.7,-202.954,-143.141,-229.767,-69031.7,-144.925,-18.186,-38.3016,-235.365,-14.3245,-16.3284,-11.7663,-141.764,-69031.7,-16.8986,-32.438,-22.2494
-13.5563,-14.1942,-12.81,-16.3373,-16.9448,-11.7431,-11.4697,0,-15.7623,0,-15.4266,0,-16.1781,-11.6359,-12.5008,-16.9696,-14.9337,-12.0712,-3.45974,-16.6008,-17.4731,-17.5171,-0.298156,-17.2986,-12.6684,-16.7114,-12.3771,-17.4179,-13.1277,-17.1471,-11.8149,-17.0385,-17.2528,-69031.7,-11.9323,-11.6374,-17.4478,-12.2394,-16.8074,-12.0466,-17.6621,-11.523,-17.5563,-11.2281,-14.7579,-17.857,-10.8189,-18.2662,-17.9655,-11.1138,-536.146,-17.6893,-11.8089,-15.1562,-10.7046,-18.6755,0,-18.3748,-14.4441,-10.2954,-12.4648,-19.0847,-10.9965,-14.268,-18.0713,-19.9045,-2.65984,-11.4057,-10.0005,-20.2022,-9.75041,-19.4939,-14.5846,-10.5872,-13.9678,-20.3205,-10.4097,-21.1256,-11.0892,-14.0894,-3.65971,-21.2588,-8.66585,-9.59014,-20.7821,0,-22.0745,-22.7792
-289.044,-1350.48,-187.109,-134.592,-47.1502,-87.4554,-92.9542,-15.3899,-154.437,-16.6181,-29.8176,-15.8481,-153.606,-115.952,-69031.7,-43.8546,-237.226,-99.1699,-16.4255,-152.662,-59.1637,-104.526,-18.9118,-73.8559,-69031.7,-151.057,-69031.7,-124.799,-69031.7,-149.978,-69031.7,-151.578,-148.378,-11.9323,-69031.7,-69031.7,-150.466,-69031.7,-149.48,-69031.7,-147.266,-69031.7,-148.866,-69031.7,-235.833,-149.254,-69031.7,-147.941,-147.654,-69031.7,-12.7792,-36.3618,-16.9248,-232.967,-69031.7,-146.525,-17.4609,-146.341,-204.294,-69031.7,-96.603,-145.002,-69031.7,-206.109,-146.054,-141.616,-17.1423,-69031.7,-69031.7,-112.051,-69031.7,-143.369,-234.385,-69031.7,-209.309,-139.719,-69031.7,-15.0068,-50.4679,-207.938,-17.5538,-12.7143,-16.3721,-69031.7,-137.465,-12.5442,-28.4807,-18.3358
-285.228,-1316.8,-184.815,-135.373,-47.4762,-86.366,-91.8817,-15.6522,-155.22,-16.9058,-30.0889,-16.1253,-154.294,-114.61,-69031.7,-44.1566,-242.241,-97.885,-16.7226,-153.252,-59.5053,-105.023,-19.2507,-74.2795,-69031.7,-151.647,-69031.7,-125.393,-69031.7,-150.466,-69031.7,-152.066,-148.866,-11.6374,-69031.7,-69031.7,-150.854,-69031.7,-150.072,-69031.7,-147.654,-69031.7,-149.254,-69031.7,-240.863,-149.541,-69031.7,-148.125,-147.941,-69031.7,-12.4658,-36.5137,-17.1642,-237.946,-69031.7,-146.602,-17.7663,-146.525,-201.381,-69031.7,-98.6676,-144.969,-69031.7,-203.235,-146.341,-141.351,-17.4516,-69031.7,-69031.7,-112.109,-69031.7,-143.222,-239.43,-69031.7,-206.345,-139.329,-69031.7,-14.8926,-51.5541,-205.102,-17.5011,-12.534,-16.9788,-69031.7,-136.93,-12.0431,-28.4441,-18.191
-281.051,-161.422,-180.159,-138.368,-47.8854,-84.2581,-88.6738,-10.2951,-69031.7,-11.1185,-29.3472,-11.0451,-69031.7,-110.453,-153.295,-44.506,-205.076,-95.9546,-11.7381,-69031.7,-60.9121,-109.023,-13.1174,-76.1588,-151.077,-69031.7,-151.671,-130.291,-152.097,-69031.7,-148.866,-69031.7,-69031.7,-17.4478,-150.466,-150.854,-69031.7,-150.018,-69031.7,-152.066,-69031.7,-149.254,-69031.7,-149.541,-203.241,-69031.7,-148.125,-69031.7,-69031.7,-147.941,-18.062,-38.0977,-15.5235,-208.214,-146.525,-69031.7,-11.9986,-69031.7,-239.489,-145.002,-70.9744,-69031.7,-146.341,-240.871,-69031.7,-69031.7,-12.1065,-147.654,-144.969,-122.964,-141.693,-69031.7,-201.426,-144.925,-236.603,-69031.7,-146.602,-17.9354,-37.1867,-242.206,-14.379,-16.1355,-11.0143,-143.217,-69031.7,-17.5143,-31.894,-21.9491
-292.726,-1385.24,-189.312,-133.751,-46.8018,-88.5027,-93.9803,-15.1106,-153.589,-16.3122,-29.5304,-15.5552,-152.854,-117.236,-69031.7,-43.532,-232.07,-100.408,-16.1133,-152.01,-58.7957,-103.986,-18.5543,-73.3993,-69031.7,-150.405,-69031.7,-124.152,-69031.7,-149.431,-69031.7,-151.031,-147.831,-12.2394,-69031.7,-69031.7,-150.018,-69031.7,-148.826,-69031.7,-146.818,-69031.7,-148.418,-69031.7,-230.661,-148.909,-69031.7,-147.701,-147.309,-69031.7,-13.105,-36.1942,-16.6726,-227.849,-69031.7,-146.392,-17.1377,-146.101,-207.233,-69031.7,-94.4554,-144.98,-69031.7,-209.009,-145.709,-141.826,-16.8168,-69031.7,-69031.7,-111.95,-69031.7,-143.46,-229.197,-69031.7,-212.3,-140.053,-69031.7,-15.1138,-49.3386,-210.8,-17.5899,-12.8856,-15.7445,-69031.7,-137.943,-13.0577,-28.5062,-18.4717
-277.395,-158.58,-178.131,-141.824,-49.2127,-83.2861,-87.809,-10.8378,-69031.7,-11.7139,-30.3173,-11.62,-69031.7,-109.382,-152.088,-45.7316,-210.982,-94.7642,-12.3544,-69031.7,-62.437,-111.519,-13.82,-78.0685,-149.68,-69031.7,-150.469,-133.294,-150.483,-69031.7,-147.88,-69031.7,-69031.7,-16.8074,-149.48,-150.072,-69031.7,-148.826,-69031.7,-151.08,-69031.7,-148.472,-69031.7,-148.968,-209.225,-69031.7,-147.765,-69031.7,-69031.7,-147.368,-17.3888,-38.9225,-16.2938,-214.303,-146.165,-69031.7,-12.6315,-69031.7,-229.087,-144.862,-75.237,-69031.7,-145.768,-230.501,-69031.7,-69031.7,-12.748,-146.872,-145.054,-124.873,-141.789,-69031.7,-207.492,-144.565,-226.309,-69031.7,-146.462,-18.0399,-39.4281,-231.87,-14.6393,-16.1446,-12.2452,-143.537,-69031.7,-16.4629,-32.3076,-22.0678
-286.149,-1352.03,-185.26,-135.978,-47.6427,-86.5824,-92.0378,-15.2759,-156.037,-16.499,-30.1201,-15.7665,-155.206,-114.798,-69031.7,-44.3079,-239.041,-98.1684,-16.3689,-154.262,-59.7797,-105.624,-18.8172,-74.6336,-69031.7,-152.657,-69031.7,-126.124,-69031.7,-151.578,-69031.7,-153.178,-149.978,-12.0466,-69031.7,-69031.7,-152.066,-69031.7,-151.08,-69031.7,-148.866,-69031.7,-150.466,-69031.7,-237.636,-150.854,-69031.7,-149.541,-149.254,-69031.7,-12.8619,-36.7285,-17.1023,-234.808,-69031.7,-148.125,-17.3596,-147.941,-205.668,-69031.7,-96.6745,-146.602,-69031.7,-207.494,-147.654,-143.216,-17.0729,-69031.7,-69031.7,-113.289,-69031.7,-144.969,-236.176,-69031.7,-210.668,-141.319,-69031.7,-15.1934,-50.5191,-209.335,-17.3726,-12.8891,-16.5388,-69031.7,-139.065,-12.4434,-28.8033,-18.5621
-275.261,-158.159,-176.462,-141.14,-48.8704,-82.512,-86.841,-10.052,-69031.7,-10.8643,-29.9522,-10.8707,-69031.7,-108.144,-150.095,-45.4124,-202.324,-93.9516,-11.6156,-69031.7,-62.1442,-111.219,-12.9148,-77.7142,-147.877,-69031.7,-148.471,-132.942,-148.896,-69031.7,-145.666,-69031.7,-69031.7,-17.6621,-147.266,-147.654,-69031.7,-146.818,-69031.7,-148.866,-69031.7,-146.054,-69031.7,-146.341,-200.512,-69031.7,-144.925,-69031.7,-69031.7,-144.741,-18.216,-38.8625,-15.8786,-205.516,-143.325,-69031.7,-11.7822,-69031.7,-235.841,-141.802,-71.0745,-69031.7,-143.141,-237.2,-69031.7,-69031.7,-11.9571,-144.454,-141.769,-125.439,-138.493,-69031.7,-198.721,-141.725,-232.877,-69031.7,-143.402,-18.3084,-37.2665,-238.511,-14.0166,-16.485,-11.3264,-140.017,-69031.7,-17.2989,-32.5392,-22.4017
-288.123,-1315.28,-186.664,-133.987,-46.9837,-87.2391,-92.7981,-15.7661,-153.62,-17.0249,-29.7864,-16.2068,-152.694,-115.764,-69031.7,-43.7034,-240.4,-98.8865,-16.7792,-151.652,-58.8893,-103.925,-19.3453,-73.5018,-69031.7,-150.047,-69031.7,-124.067,-69031.7,-148.866,-69031.7,-150.466,-147.266,-11.523,-69031.7,-69031.7,-149.254,-69031.7,-148.472,-69031.7,-146.054,-69031.7,-147.654,-69031.7,-239.033,-147.941,-69031.7,-146.525,-146.341,-69031.7,-12.3831,-36.1483,-16.9866,-236.077,-69031.7,-145.002,-17.8676,-144.925,-200.035,-69031.7,-98.596,-143.369,-69031.7,-201.876,-144.741,-139.751,-17.521,-69031.7,-69031.7,-110.872,-69031.7,-141.622,-237.611,-69031.7,-205.014,-137.729,-69031.7,-14.706,-51.5029,-203.732,-17.6823,-12.3593,-16.812,-69031.7,-135.33,-12.1439,-28.1216,-17.9646
-278.156,-159.791,-178.31,-139.754,-48.3779,-83.385,-87.7574,-10.1751,-69031.7,-10.993,-29.6497,-10.959,-69031.7,-109.298,-151.695,-44.9592,-203.706,-94.9531,-11.6778,-69031.7,-61.5282,-110.121,-13.0175,-76.9365,-149.477,-69031.7,-150.071,-131.616,-150.496,-69031.7,-147.266,-69031.7,-69031.7,-17.5563,-148.866,-149.254,-69031.7,-148.418,-69031.7,-150.466,-69031.7,-147.654,-69031.7,-147.941,-201.882,-69031.7,-146.525,-69031.7,-69031.7,-146.341,-18.1402,-38.4802,-15.7011,-206.871,-144.925,-69031.7,-11.8918,-69031.7,-237.671,-143.402,-71.0287,-69031.7,-144.741,-239.041,-69031.7,-69031.7,-12.0329,-146.054,-143.369,-124.202,-140.093,-69031.7,-200.079,-143.325,-234.746,-69031.7,-145.002,-18.1219,-37.2289,-240.365,-14.1978,-16.3102,-11.1724,-141.617,-69031.7,-17.408,-32.2166,-22.1754
-284.147,-1281.55,-184.27,-134.69,-47.2823,-86.1019,-91.6759,-16.0285,-154.309,-17.3126,-30.0413,-16.4841,-153.287,-114.359,-69031.7,-43.9802,-245.379,-97.5465,-17.0764,-152.146,-59.1958,-104.357,-19.6841,-73.8809,-69031.7,-150.54,-69031.7,-124.583,-69031.7,-149.254,-69031.7,-150.854,-147.654,-11.2281,-69031.7,-69031.7,-149.541,-69031.7,-148.968,-69031.7,-146.341,-69031.7,-147.941,-69031.7,-244.028,-148.125,-69031.7,-146.602,-146.525,-69031.7,-12.0697,-36.2788,-17.2162,-241.021,-69031.7,-144.969,-18.173,-145.002,-197.032,-69031.7,-100.661,-143.222,-69031.7,-198.912,-144.925,-139.363,-17.8303,-69031.7,-69031.7,-110.845,-69031.7,-141.357,-242.62,-69031.7,-201.96,-137.211,-69031.7,-14.5732,-52.5891,-200.806,-17.6186,-12.156,-17.4187,-69031.7,-134.661,-11.6428,-28.0609,-17.7968
-273.741,-201.648,-176.583,-144.924,-50.5714,-82.5195,-87.3993,-12.6505,-220.386,-13.683,-31.5457,-13.4106,-216.253,-108.912,-233.981,-46.9927,-69031.7,-93.6919,-14.1726,-211.988,-63.7853,-113.34,-15.9919,-79.7302,-227.2,-210.553,-232.284,-135.465,-223.419,-206.115,-234.018,-207.5,-204.718,-14.7579,-235.833,-240.863,-203.241,-230.661,-209.225,-237.636,-200.512,-239.033,-201.882,-244.028,-69031.7,-198.918,-247.13,-194.532,-197.587,-242.171,-15.352,-39.4256,-17.503,-69031.7,-245.245,-190.082,-14.641,-193.228,-153.937,-248.256,-86.3071,-185.568,-240.302,-155.537,-196.243,-176.327,-14.6751,-237.192,-253.142,-124.491,-249.381,-180.988,-69031.7,-243.349,-155.155,-171.536,-250.168,-17.4631,-45.2055,-157.134,-15.5757,-15.3396,-14.9795,-256.059,-166.137,-14.0187,-31.9748,-21.3442
-279.779,-161.09,-179.197,-137.923,-47.6791,-83.8107,-88.128,-9.91881,-69031.7,-10.7117,-29.1447,-10.6863,-69031.7,-109.756,-152.193,-44.3141,-200.781,-95.4783,-11.3844,-69031.7,-60.7199,-108.788,-12.684,-75.9236,-150.069,-69031.7,-150.566,-130.012,-151.194,-69031.7,-147.654,-69031.7,-69031.7,-17.857,-149.254,-149.541,-69031.7,-148.909,-69031.7,-150.854,-69031.7,-147.941,-69031.7,-148.125,-198.918,-69031.7,-146.602,-69031.7,-69031.7,-146.525,-18.4581,-38.0342,-15.3041,-203.856,-145.002,-69031.7,-11.5919,-69031.7,-242.681,-143.369,-68.9813,-69031.7,-144.925,-244.036,-69031.7,-69031.7,-11.7278,-146.341,-143.222,-123.132,-139.941,-69031.7,-197.075,-143.402,-239.704,-69031.7,-144.969,-18.0467,-36.1517,-245.344,-14.052,-16.2807,-10.5743,-141.352,-69031.7,-17.9146,-31.9775,-22.0879
-282.903,-1246.3,-183.622,-133.926,-47.0606,-85.7895,-91.4202,-16.4048,-153.304,-17.7193,-29.9773,-16.8429,-152.184,-114.045,-69031.7,-43.7782,-248.454,-97.1523,-17.4301,-150.942,-58.8506,-103.625,-20.1175,-73.4371,-69031.7,-149.335,-69031.7,-123.695,-69031.7,-147.941,-69031.7,-149.541,-146.341,-10.8189,-69031.7,-69031.7,-148.125,-69031.7,-147.765,-69031.7,-144.925,-69031.7,-146.525,-69031.7,-247.13,-146.602,-69031.7,-144.969,-145.002,-69031.7,-11.6736,-36.0235,-17.2586,-244.031,-69031.7,-143.222,-18.5796,-143.369,-192.619,-69031.7,-102.654,-141.357,-69031.7,-194.526,-143.402,-137.247,-18.209,-69031.7,-69031.7,-109.492,-69031.7,-139.37,-245.749,-69031.7,-197.51,-134.959,-69031.7,-14.2339,-53.6241,-196.447,-17.7253,-11.753,-17.8587,-69031.7,-132.25,-11.2425,-27.6527,-17.3782
-278.343,-160.668,-178.128,-137.401,-47.445,-83.3127,-87.5277,-9.54253,-69031.7,-10.3049,-28.9236,-10.3275,-69031.7,-108.991,-150.992,-44.0966,-196.422,-94.9445,-11.0307,-69031.7,-60.4935,-108.493,-12.2505,-75.6454,-148.965,-69031.7,-149.363,-129.661,-150.198,-69031.7,-146.341,-69031.7,-69031.7,-18.2662,-147.941,-148.125,-69031.7,-147.701,-69031.7,-149.541,-69031.7,-146.525,-69031.7,-146.602,-194.532,-69031.7,-144.969,-69031.7,-69031.7,-145.002,-18.8542,-37.9495,-15.0704,-199.433,-143.369,-69031.7,-11.1852,-69031.7,-245.81,-141.622,-66.9883,-69031.7,-143.402,-247.138,-69031.7,-69031.7,-11.3491,-144.925,-141.357,-123.233,-138.07,-69031.7,-192.661,-141.769,-242.743,-69031.7,-143.222,-18.1471,-35.1167,-248.418,-13.7046,-16.4148,-10.1344,-139.364,-69031.7,-18.3149,-32.0434,-22.2134
-276.885,-159.455,-177.348,-139.309,-48.1716,-82.9377,-87.2116,-9.79881,-69031.7,-10.5862,-29.4472,-10.6002,-69031.7,-108.602,-150.593,-44.7673,-199.438,-94.4768,-11.3241,-69031.7,-61.3359,-109.886,-12.584,-76.7013,-148.469,-69031.7,-148.966,-131.337,-149.594,-69031.7,-146.054,-69031.7,-69031.7,-17.9655,-147.654,-147.941,-69031.7,-147.309,-69031.7,-149.254,-69031.7,-146.341,-69031.7,-146.525,-197.587,-69031.7,-145.002,-69031.7,-69031.7,-144.925,-18.5362,-38.418,-15.4816,-202.54,-143.402,-69031.7,-11.4851,-69031.7,-240.836,-141.769,-69.0357,-69031.7,-143.325,-242.179,-69031.7,-69031.7,-11.6542,-144.741,-141.622,-124.369,-138.341,-69031.7,-195.756,-141.802,-237.82,-69031.7,-143.369,-18.2332,-36.1938,-243.475,-13.8708,-16.4555,-10.7324,-139.752,-69031.7,-17.8083,-32.3001,-22.3142
-287.042,-1280.08,-186.119,-133.304,-46.7898,-86.9749,-92.5923,-16.1424,-152.709,-17.4317,-29.7388,-16.5656,-151.687,-115.513,-69031.7,-43.5269,-243.51,-98.548,-17.1329,-150.546,-58.5797,-103.259,-19.7787,-73.1032,-69031.7,-148.94,-69031.7,-123.258,-69031.7,-147.654,-69031.7,-149.254,-146.054,-11.1138,-69031.7,-69031.7,-147.941,-69031.7,-147.368,-69031.7,-144.741,-69031.7,-146.341,-69031.7,-242.171,-146.525,-69031.7,-145.002,-144.925,-69031.7,-11.987,-35.9146,-17.0387,-239.125,-69031.7,-143.369,-18.2743,-143.402,-195.712,-69031.7,-100.589,-141.622,-69031.7,-197.581,-143.325,-137.763,-17.8997,-69031.7,-69031.7,-109.607,-69031.7,-139.757,-240.775,-69031.7,-200.656,-135.611,-69031.7,-14.3866,-52.5379,-199.463,-17.7998,-11.9813,-17.252,-69031.7,-133.061,-11.7436,-27.7384,-17.5705
-14.4601,-14.9284,-13.7564,-16.7103,-16.7797,-12.8832,-12.5649,0,-16.4307,-0.0849214,-15.0597,-3.3394,-16.8332,-12.7083,-13.3015,-16.7659,-15.5222,-13.2077,-4.85768,-17.2423,-17.4274,-17.7325,-3.75664,-17.3639,-13.5202,-17.3224,-13.2097,-17.6762,-13.9648,-17.7441,-12.6941,-17.666,-17.82,-536.146,-12.7792,-12.4658,-18.062,-13.105,-17.3888,-12.8619,-18.216,-12.3831,-18.1402,-12.0697,-15.352,-18.4581,-11.6736,-18.8542,-18.5362,-11.987,-69031.7,-17.295,-11.3275,-15.6798,-11.5909,-19.2503,-2.77113,-18.9323,-15.2995,-11.1949,-12.964,-19.6463,-11.902,-15.129,-18.6121,-20.4398,-4.45271,-12.2981,-10.8815,-20.3187,-10.696,-20.0424,-15.1835,-11.5059,-14.9103,-20.8424,-11.2776,-19.9707,-11.5005,-14.9568,-4.65121,-20.0491,-8.44013,-10.4843,-21.2893,-532.002,-21.2441,-21.642
