-5136.64,-15.3208,-13.1552,-15.0959,-12.7638,-14.7739,-10.9861,-14.9225,-14.1308,-15.492,-15.3139,-15.9074,-16.3173,-11.092,-15.7057,-12.3669,-0.414932,-16.1017,-4.66269,-16.5103,-14.9127,-16.2994,-13.9861,-16.713,-13.5794,-14.281,-10.4382,-11.959,-14.2065,-14.504,-16.9126,-9.75085,-15.5491,-14.4136,-14.7135,-15.9965,-9.51026,-16.3571,-11.5488,-16.4226,-11.0786,-17.1044,-10.3466,-17.3039,-13.8417,-10.9649,-17.2118,-16.8205,-194.397,-11.0395,-11.1527,-14.1545,-17.4958,-11.3481,-44.893,-17.6032,-14.9101,-11.0609,-17.8871,-10.9234,-17.9946,-10.5321,-17.6953,-13.5545,-10.7613,-18.6698,-3.00056,-10.2568,-18.2785,-308.211,-16.4055,-14.6085,-14.5821,-15.0942,-6.0704,-10.6482,-19.0612,-14.7769,-10.37,-18.0867,-13.8188,-14.375,-10.1407,-18.7773,-13.5347,-18.478,-18.3859,-15.2669,-9.74934,-9.58725,-9.97861,-19.4525,-21.393,-10.9324,-9.86545,-167.294,-19.1688,-6.91537,-22.3239,-11.4204,-381.021,-21.5535,-9.4733,-8.03701,-9.19568,-22.4194,0,-7.99558,-0.421973,-20.5424,-20.3028,-117.79,-5.36058,-7.87857
-15.3208,-5136.64,-217.635,-220.452,-217.165,-36.1954,-62.0575,-224.918,-223.364,-220.249,-224.834,-219.906,-219.437,-52.8576,-224.631,-216.568,-13.4892,-224.307,-16.66,-223.845,-34.1294,-72.095,-229.005,-218.859,-211.036,-228.299,-43.8048,-215.824,-234.096,-233.392,-223.263,-30.6635,-222.473,-239.187,-238.483,-222.116,-28.7364,-186.239,-214.943,-221.631,-86.473,-218.167,-51.179,-222.575,-212.803,-89.4389,-220.359,-221.051,-16.749,-211.772,-213.964,-229.131,-217.354,-210.625,-26.1973,-219.546,-243.574,-125.297,-216.418,-209.581,-218.61,-208.488,-221.765,-207.68,-212.871,-214.171,-14.8999,-209.46,-215.357,-15.5216,-80.9597,-244.296,-239.315,-248.664,-10.631,-210.679,-212.856,-244.42,-211.651,-220.833,-209.395,-234.222,-207.268,-216.362,-158.802,-219.777,-217.549,-253.772,-205.919,-208.823,-210.303,-211.41,-103.163,-42.4004,-208.111,-17.4052,-215.047,-37.0377,-58.9354,-45.4576,-16.9184,-198.64,-206.628,-15.4323,-207.208,-28.0287,-14.0802,-15.3813,-9.61262,-14.9948,-14.5401,-14.8952,-22.3411,-11.6099
-13.1552,-217.635,-5136.64,-158.459,-5136.64,-30.9622,-88.5831,-155.614,-264.344,-158.005,-155.253,-157.433,-156.77,-70.8712,-154.803,-5136.64,-15.5097,-154.26,-18.7421,-153.603,-29.4643,-53.6172,-222.19,-156.036,-224.911,-225.939,-55.7745,-5136.64,-218.264,-221.97,-152.861,-36.0265,-156.468,-214.277,-217.941,-155.86,-33.3655,-99.0566,-5136.64,-155.174,-147.821,-155.218,-68.4571,-152.046,-222.045,-157.844,-153.618,-154.436,-14.3279,-5136.64,-5136.64,-223.707,-154.307,-5136.64,-23.9293,-152.707,-213.851,-311.097,-153.302,-5136.64,-151.702,-5136.64,-151.138,-225.536,-5136.64,-151.001,-16.9615,-5136.64,-152.201,-13.6706,-82.6424,-210.214,-215.74,-209.699,-9.96875,-5136.64,-149.7,-211.654,-5136.64,-150.136,-222.684,-219.755,-5136.64,-149.401,-254.697,-149.038,-150.601,-205.472,-5136.64,-5136.64,-5136.64,-148.296,-66.3707,-45.4794,-5136.64,-16.448,-148.099,-46.897,-44.0632,-48.3641,-15.9953,-97.7506,-5136.64,-16.3549,-5136.64,-23.4831,-13.4512,-16.3205,-12.324,-12.8761,-12.5106,-14.1537,-26.1434,-12.0209
-15.0959,-220.452,-158.459,-5136.64,-158.011,-30.853,-86.9487,-5136.64,-198.653,-5136.64,-5136.64,-5136.64,-5136.64,-69.8589,-5136.64,-157.468,-13.5931,-5136.64,-16.6353,-5136.64,-29.3842,-54.1199,-218.691,-5136.64,-229.955,-221.534,-54.99,-156.814,-222.032,-224.941,-5136.64,-35.7839,-5136.64,-225.312,-228.285,-5136.64,-33.131,-100.504,-156.057,-5136.64,-144.475,-5136.64,-67.1594,-5136.64,-229.791,-154.171,-5136.64,-5136.64,-16.4539,-153.631,-155.231,-220.434,-5136.64,-152.913,-26.7525,-5136.64,-231.567,-302.929,-5136.64,-152.031,-5136.64,-151.122,-5136.64,-225.794,-154.322,-5136.64,-14.9546,-151.718,-5136.64,-15.4823,-91.972,-228.541,-227.109,-234.787,-11.9627,-152.722,-5136.64,-230.362,-153.318,-5136.64,-225.617,-223.801,-150.118,-5136.64,-283.441,-5136.64,-5136.64,-237.955,-149.018,-151.02,-152.218,-5136.64,-69.5114,-40.7114,-150.618,-18.3499,-5136.64,-44.7567,-46.3411,-43.3282,-17.8274,-102.943,-149.417,-14.5877,-149.72,-24.9122,-15.1318,-14.5848,-9.69557,-14.1426,-13.7542,-15.8183,-24.7933,-10.4223
-12.7638,-217.165,-5136.64,-158.011,-5136.64,-31.0042,-88.6063,-155.253,-268.856,-157.469,-154.804,-156.802,-156.044,-70.8271,-154.267,-5136.64,-15.9015,-153.633,-19.1805,-152.882,-29.499,-53.5431,-225.698,-155.218,-220.952,-229.405,-55.7351,-5136.64,-221.711,-225.375,-152.046,-35.9439,-155.943,-217.662,-221.285,-155.234,-33.2924,-98.808,-5136.64,-154.449,-147.989,-154.307,-68.4798,-151.138,-218.08,-158.039,-152.707,-153.618,-13.8987,-5136.64,-5136.64,-227.189,-153.302,-5136.64,-23.3321,-151.702,-217.133,-311.684,-152.2,-5136.64,-150.6,-5136.64,-150.136,-221.51,-5136.64,-149.7,-17.3753,-5136.64,-151,-13.2997,-80.635,-213.537,-219.099,-212.919,-9.39611,-5136.64,-148.296,-214.951,-5136.64,-149.037,-218.651,-223.175,-5136.64,-148.1,-248.49,-147.841,-149.4,-208.629,-5136.64,-5136.64,-5136.64,-146.785,-65.7244,-46.5137,-5136.64,-16.0313,-146.695,-47.1677,-43.5898,-49.4605,-15.5935,-96.6678,-5136.64,-16.7459,-5136.64,-23.1815,-13.0739,-16.7035,-12.7496,-12.5966,-12.2356,-13.7844,-26.3255,-12.3952
-14.7739,-36.1954,-30.9622,-30.853,-31.0042,-5136.64,-22.6682,-31.6032,-31.5837,-30.711,-31.4805,-30.5423,-30.3557,-21.2231,-31.3398,-31.0294,-11.23,-31.1794,-14.3065,-30.9943,-515.772,-74.5731,-32.5107,-30.1562,-29.7892,-32.3151,-19.4599,-31.0373,-33.2417,-33.0464,-30.7923,-16.16,-31.0448,-33.9727,-33.7774,-30.8649,-15.6788,-45.4077,-31.0267,-30.6715,-25.3539,-29.9399,-20.904,-30.5765,-29.9958,-25.4196,-30.2546,-30.4709,-16.0535,-30.6842,-30.9989,-32.4817,-29.7042,-30.3987,-18.937,-30.0189,-34.5084,-27.9132,-29.4487,-30.3695,-29.7634,-30.325,-30.3415,-29.2601,-30.9544,-28.8762,-12.5851,-30.5781,-29.1729,-14.1892,-26.1829,-34.7063,-33.944,-35.2394,-4.994,-30.6397,-28.5579,-34.677,-30.8928,-30.0866,-29.459,-33.2127,-30.2634,-29.1909,-27.1205,-29.8115,-29.4876,-35.9727,-30.1848,-30.7183,-30.8142,-28.2173,-51.4028,-30.2076,-30.4995,-11.6515,-28.8724,-18.3428,-81.3009,-31.7461,-11.406,-39.4976,-30.4034,-18.0576,-30.6049,-143.707,-8.62936,-17.7941,-8.33426,-25.3368,-23.7339,-9.73442,-14.0121,-17.5016
-10.9861,-62.0575,-88.5831,-86.9487,-88.6063,-22.6682,-5136.64,-85.4146,-86.3155,-86.6478,-85.1658,-86.2778,-85.8573,-357.583,-84.8677,-88.5812,-17.1524,-84.516,-19.9237,-84.0994,-21.9043,-32.8796,-84.0324,-85.3986,-91.3031,-84.3226,-154.656,-88.5041,-81.9664,-82.2558,-83.6352,-61.7796,-85.7994,-79.9004,-80.1898,-85.4059,-54.0525,-45.8223,-88.3742,-84.9704,-222.645,-84.8931,-315.423,-83.1313,-90.5434,-202.746,-84.0037,-84.5092,-11.8232,-89.0881,-88.1987,-83.9918,-84.335,-90.1638,-21.6567,-83.4456,-78.1239,-124.626,-83.7234,-89.9775,-82.834,-89.7554,-82.575,-92.6225,-87.9766,-82.3348,-18.4304,-88.5952,-83.0571,-11.931,-61.2418,-77.827,-79.8593,-76.058,-11.8954,-88.866,-81.5551,-77.7876,-87.7058,-81.9651,-91.8663,-81.9259,-89.4846,-81.4454,-89.8803,-81.3006,-82.1677,-73.9854,-89.1646,-87.0161,-87.3858,-80.7162,-35.7885,-38.2645,-88.2752,-16.5752,-80.6652,-104.968,-27.937,-39.2234,-16.1401,-43.4905,-87.9047,-15.25,-86.5959,-17.6716,-14.1836,-15.3222,-16.2507,-10.5246,-10.2777,-14.5841,-38.2734,-10.1005
-14.9225,-224.918,-155.614,-5136.64,-155.253,-31.6032,-85.4146,-5136.64,-198.622,-5136.64,-5136.64,-5136.64,-5136.64,-68.569,-5136.64,-154.797,-13.8025,-5136.64,-16.9474,-5136.64,-30.0858,-55.2703,-219.683,-5136.64,-223.128,-222.408,-53.9602,-154.234,-223.138,-225.928,-5136.64,-35.0603,-5136.64,-226.531,-229.385,-5136.64,-32.4703,-102.528,-153.571,-5136.64,-142.042,-5136.64,-65.9663,-5136.64,-222.958,-151.559,-5136.64,-5136.64,-16.2595,-151.236,-152.836,-221.377,-5136.64,-150.42,-26.2171,-5136.64,-232.781,-298.034,-5136.64,-149.636,-5136.64,-148.818,-5136.64,-218.968,-152.018,-5136.64,-15.2109,-149.508,-5136.64,-15.2644,-89.8533,-229.875,-228.279,-236.115,-11.2165,-150.418,-5136.64,-231.646,-151.108,-5136.64,-218.786,-224.858,-147.908,-5136.64,-276.685,-5136.64,-5136.64,-239.398,-146.902,-149.001,-150.102,-5136.64,-70.5355,-41.8538,-148.502,-17.8398,-5136.64,-44.1889,-46.9845,-44.576,-17.3326,-104.329,-147.399,-15.089,-147.8,-25.2273,-14.5848,-15.0672,-9.92302,-14.2589,-13.8627,-15.3234,-24.51,-11.0818
-14.1308,-223.364,-264.344,-198.653,-268.856,-31.5837,-86.3155,-198.622,-5136.64,-195.422,-195.542,-191.958,-188.465,-69.1727,-192.391,-273.377,-14.5857,-189.138,-17.7988,-185.707,-30.0583,-54.9623,-1340.33,-185.021,-162.081,-1349.67,-54.4321,-277.965,-1308.73,-1317.99,-182.257,-35.2609,-194.329,-1277.12,-1286.31,-190.631,-32.659,-101.753,-282.521,-187.028,-143.792,-181.545,-66.6783,-178.831,-160.391,-153.472,-180.136,-183.588,-15.3926,-285.016,-286.864,-1342.15,-178,-278.557,-25.0949,-176.615,-1254.62,-302.165,-174.384,-283.151,-173.023,-287.327,-175.335,-160.6,-291.1,-166.939,-16.0266,-293.374,-170.697,-14.531,-86.1832,-1245.39,-1278.87,-1222.92,-10.4995,-289.222,-163.107,-1247.13,-295.282,-171.77,-158.929,-1310.52,-291.449,-165.626,-265.403,-168.134,-169.361,-1191.11,-295.515,-303.48,-299.408,-159.202,-69.1517,-43.7324,-297.47,-17.1005,-161.818,-45.1775,-45.9901,-46.5559,-16.6208,-102.07,-301.519,-15.7771,-307.497,-24.6118,-13.9427,-15.744,-11.0325,-13.7301,-13.3441,-14.6819,-25.124,-11.6839
-15.492,-220.249,-158.005,-5136.64,-157.469,-30.711,-86.6478,-5136.64,-195.422,-5136.64,-5136.64,-5136.64,-5136.64,-69.6831,-5136.64,-156.834,-13.1966,-5136.64,-16.1917,-5136.64,-29.2556,-54.0266,-214.549,-5136.64,-233.411,-217.457,-54.8547,-156.085,-217.828,-220.802,-5136.64,-35.754,-5136.64,-221.045,-224.083,-5136.64,-33.101,-100.443,-155.231,-5136.64,-143.836,-5136.64,-66.9197,-5136.64,-233.294,-153.467,-5136.64,-5136.64,-16.8882,-152.71,-154.31,-216.319,-5136.64,-152.094,-27.3569,-5136.64,-227.302,-301.333,-5136.64,-151.11,-5136.64,-150.106,-5136.64,-229.235,-153.306,-5136.64,-14.5359,-150.604,-5136.64,-15.8576,-94.0034,-224.21,-222.869,-230.459,-12.3477,-151.706,-5136.64,-226.058,-152.204,-5136.64,-229.105,-219.624,-149.004,-5136.64,-289.722,-5136.64,-5136.64,-233.563,-147.805,-149.704,-151.005,-5136.64,-69.9085,-39.6648,-149.405,-18.7717,-5136.64,-44.3098,-46.6437,-42.2186,-18.234,-103.644,-148.102,-14.1921,-148.3,-25.1145,-15.5136,-14.1972,-9.03114,-14.3426,-13.9512,-16.192,-24.5076,-10.0436
-15.3139,-224.834,-155.253,-5136.64,-154.804,-31.4805,-85.1658,-5136.64,-195.542,-5136.64,-5136.64,-5136.64,-5136.64,-68.4336,-5136.64,-154.259,-13.4108,-5136.64,-16.5091,-5136.64,-29.9751,-55.2072,-215.705,-5136.64,-226.55,-218.493,-53.857,-153.603,-219.098,-221.952,-5136.64,-35.0503,-5136.64,-222.43,-225.348,-5136.64,-32.4586,-102.522,-152.846,-5136.64,-141.493,-5136.64,-65.7674,-5136.64,-226.427,-150.953,-5136.64,-5136.64,-16.6886,-150.418,-152.018,-217.425,-5136.64,-149.701,-26.8143,-5136.64,-228.682,-296.635,-5136.64,-148.818,-5136.64,-147.908,-5136.64,-222.376,-151.108,-5136.64,-14.7972,-148.502,-5136.64,-15.6353,-91.8604,-225.711,-224.204,-231.955,-11.622,-149.508,-5136.64,-227.509,-150.102,-5136.64,-222.24,-220.844,-146.902,-5136.64,-282.89,-5136.64,-5136.64,-235.176,-145.801,-147.801,-149.001,-5136.64,-70.9699,-40.8196,-147.401,-18.2565,-5136.64,-43.7789,-47.3121,-43.4798,-17.7343,-105.086,-146.198,-14.6981,-146.5,-25.4438,-14.9621,-14.6842,-9.32221,-14.4692,-14.0697,-15.6927,-24.2464,-10.7076
-15.9074,-219.906,-157.433,-5136.64,-156.802,-30.5423,-86.2778,-5136.64,-191.958,-5136.64,-5136.64,-5136.64,-5136.64,-69.4559,-5136.64,-156.07,-12.7809,-5136.64,-15.7264,-5136.64,-29.1021,-53.8963,-210.137,-5136.64,-236.968,-213.113,-54.6788,-155.22,-213.35,-216.393,-5136.64,-35.701,-5136.64,-216.501,-219.608,-5136.64,-33.0496,-100.32,-154.263,-5136.64,-143.073,-5136.64,-66.6257,-5136.64,-236.901,-152.629,-5136.64,-5136.64,-17.3438,-151.641,-153.241,-211.935,-5136.64,-151.133,-27.9907,-5136.64,-222.761,-299.46,-5136.64,-150.041,-5136.64,-148.933,-5136.64,-232.776,-152.133,-5136.64,-14.0968,-149.328,-5136.64,-16.2513,-96.134,-219.599,-218.353,-225.851,-12.726,-150.533,-5136.64,-221.476,-150.928,-5136.64,-232.695,-215.175,-147.728,-5136.64,-296.309,-5136.64,-5136.64,-228.887,-146.421,-148.211,-149.621,-5136.64,-70.2789,-38.5671,-148.021,-19.214,-5136.64,-43.8051,-46.9296,-41.0549,-18.6604,-104.309,-146.608,-13.7772,-146.693,-25.3089,-15.9141,-13.7907,-8.25844,-14.5389,-14.1447,-16.584,-24.1864,-9.64639
-16.3173,-219.437,-156.77,-5136.64,-156.044,-30.3557,-85.8573,-5136.64,-188.465,-5136.64,-5136.64,-5136.64,-5136.64,-69.1883,-5136.64,-155.215,-12.3706,-5136.64,-15.2673,-5136.64,-28.9318,-53.7349,-205.715,-5136.64,-240.409,-208.759,-54.4708,-154.264,-208.863,-211.974,-5136.64,-35.6268,-5136.64,-211.947,-215.124,-5136.64,-32.9789,-100.138,-153.203,-5136.64,-142.225,-5136.64,-66.2924,-5136.64,-240.392,-151.699,-5136.64,-5136.64,-17.7933,-150.478,-152.078,-207.541,-5136.64,-150.08,-28.6162,-5136.64,-218.211,-297.406,-5136.64,-148.878,-5136.64,-147.668,-5136.64,-236.201,-150.868,-5136.64,-13.6635,-147.956,-5136.64,-16.6398,-98.2362,-214.978,-213.828,-221.234,-13.0758,-149.268,-5136.64,-216.884,-149.556,-5136.64,-236.17,-210.715,-146.356,-5136.64,-302.809,-5136.64,-5136.64,-224.203,-144.941,-146.619,-148.141,-5136.64,-70.599,-37.4839,-146.541,-19.6504,-5136.64,-43.2697,-47.181,-39.9067,-19.0812,-104.897,-145.016,-13.3678,-144.986,-25.483,-16.3093,-13.3896,-7.39807,-14.7196,-14.3229,-16.9708,-23.8472,-9.25446
-11.092,-52.8576,-70.8712,-69.8589,-70.8271,-21.2231,-357.583,-68.569,-69.1727,-69.6831,-68.4336,-69.4559,-69.1883,-5136.64,-68.2594,-70.7433,-16.6674,-68.0437,-19.227,-67.7788,-20.5693,-30.0884,-67.2792,-68.8886,-73.1765,-67.5654,-274.888,-70.616,-65.6266,-65.9121,-67.4758,-75.1794,-68.9962,-63.9738,-64.2595,-68.7554,-63.9412,-40.6025,-70.4458,-68.4784,-136.918,-68.5517,-2873.26,-67.1402,-72.5958,-129.549,-67.8402,-68.1771,-11.8987,-70.9523,-70.2409,-67.2738,-68.1739,-71.8819,-21.9025,-67.4624,-62.6069,-92.066,-67.7546,-71.6638,-67.0431,-71.4219,-66.7637,-74.259,-69.999,-66.7882,-17.8554,-70.429,-67.293,-12.1083,-56.2527,-62.3153,-63.968,-60.9543,-13.8721,-70.7105,-66.2394,-62.3108,-69.7175,-66.3458,-73.6812,-65.6212,-71.1405,-66.0767,-74.5061,-65.8855,-66.5815,-59.2963,-70.8189,-69.0338,-69.396,-65.6453,-32.6845,-34.5835,-70.1074,-17.2849,-65.5276,-148.685,-26.1289,-35.157,-16.8364,-38.9681,-69.7445,-14.2894,-68.6301,-17.0677,-15.031,-14.392,-16.4071,-10.5012,-10.2706,-15.326,-42.4972,-9.14108
-15.7057,-224.631,-154.803,-5136.64,-154.267,-31.3398,-84.8677,-5136.64,-192.391,-5136.64,-5136.64,-5136.64,-5136.64,-68.2594,-5136.64,-153.631,-13.0187,-5136.64,-16.0702,-5136.64,-29.8477,-55.1147,-211.66,-5136.64,-229.915,-214.513,-53.7229,-152.882,-214.992,-217.91,-5136.64,-35.0206,-5136.64,-218.262,-221.245,-5136.64,-32.4287,-102.461,-152.028,-5136.64,-140.86,-5136.64,-65.53,-5136.64,-229.838,-150.257,-5136.64,-5136.64,-17.1182,-149.507,-151.107,-213.407,-5136.64,-148.891,-27.4121,-5136.64,-224.517,-295.054,-5136.64,-147.907,-5136.64,-146.901,-5136.64,-225.725,-150.101,-5136.64,-14.3831,-147.4,-5136.64,-16.0066,-93.8697,-221.481,-220.063,-227.728,-12.0026,-148.501,-5136.64,-223.306,-149,-5136.64,-225.636,-216.765,-145.8,-5136.64,-289.103,-5136.64,-5136.64,-230.886,-144.6,-146.499,-147.8,-5136.64,-71.3622,-39.7844,-146.2,-18.6736,-5136.64,-43.3366,-47.6111,-42.3823,-18.1365,-105.778,-144.896,-14.3068,-145.094,-25.6438,-15.3398,-14.3009,-8.66445,-14.6669,-14.2645,-16.0623,-23.9636,-10.333
-12.3669,-216.568,-5136.64,-157.468,-5136.64,-31.0294,-88.5812,-154.797,-273.377,-156.834,-154.259,-156.07,-155.215,-70.7433,-153.631,-5136.64,-16.2987,-152.905,-19.625,-152.057,-29.518,-53.438,-229.192,-154.294,-216.876,-232.857,-55.664,-5136.64,-225.143,-228.765,-151.124,-35.8396,-155.32,-221.031,-224.612,-154.506,-33.1995,-98.4994,-5136.64,-153.62,-148.079,-153.287,-68.4649,-150.121,-213.998,-158.148,-151.687,-152.694,-13.4635,-5136.64,-5136.64,-230.656,-152.184,-5136.64,-22.7265,-150.584,-220.397,-312.107,-150.983,-5136.64,-149.383,-5136.64,-149.021,-217.364,-5136.64,-148.275,-17.7947,-5136.64,-149.681,-12.9236,-78.5996,-216.844,-222.442,-216.12,-8.76072,-5136.64,-146.763,-218.23,-5136.64,-147.823,-214.5,-226.58,-5136.64,-146.675,-242.197,-146.524,-148.081,-211.765,-5136.64,-5136.64,-5136.64,-145.141,-65.0196,-47.5624,-5136.64,-15.6087,-145.162,-47.4134,-43.0755,-50.5723,-15.1861,-95.4926,-5136.64,-17.1423,-5136.64,-22.8553,-12.6913,-17.0919,-13.154,-12.2956,-11.9392,-13.4099,-26.4936,-12.7746
-0.414932,-13.4892,-15.5097,-13.5931,-15.9015,-11.23,-17.1524,-13.8025,-14.5857,-13.1966,-13.4108,-12.7809,-12.3706,-16.6674,-13.0187,-16.2987,-5136.64,-12.6223,-155.816,-12.2134,-11.0041,-11.9276,-14.7552,-11.9745,-14.9638,-14.4587,-16.8169,-16.7069,-14.5258,-14.2317,-11.8107,-15.8264,-13.1601,-14.282,-13.9906,-12.7123,-15.8722,-12.4563,-17.1175,-12.2858,-17.4161,-11.5828,-17.4461,-11.4191,-14.7353,-17.4866,-11.4959,-11.8876,-0.875021,-17.5963,-17.514,-14.5866,-11.1912,-17.2513,-7.94172,-11.1042,-13.7345,-17.5709,-10.7995,-17.6763,-10.7125,-18.068,-11.0274,-14.911,-17.9057,-10.0161,-318.706,-18.3797,-10.4078,-3.63402,-12.7,-14.022,-14.1133,-13.4624,-3.05635,-17.988,-9.62437,-13.8535,-18.2974,-10.6357,-14.6862,-14.3572,-18.4596,-9.92908,-14.5125,-10.244,-10.3208,-13.1726,-18.8513,-19.0808,-18.6891,-9.23268,-8.18509,-21.5576,-18.7714,-8.22961,-9.53718,-21.4231,-7.30303,-19.7894,-8.18213,-8.10039,-19.1638,-5136.64,-19.4727,-5.56883,-7.91106,-491.05,-22.5424,-3.15873,-3.11913,-7.96091,-21.2057,0
-16.1017,-224.307,-154.26,-5136.64,-153.633,-31.1794,-84.516,-5136.64,-189.138,-5136.64,-5136.64,-5136.64,-5136.64,-68.0437,-5136.64,-152.905,-12.6223,-5136.64,-15.6267,-5136.64,-29.7017,-54.9911,-207.51,-5136.64,-233.253,-210.427,-53.5559,-152.059,-210.779,-213.762,-5136.64,-34.9705,-5136.64,-213.986,-217.034,-5136.64,-32.3802,-102.344,-151.107,-5136.64,-140.134,-5136.64,-65.2505,-5136.64,-233.224,-149.459,-5136.64,-5136.64,-17.5525,-148.489,-150.089,-209.283,-5136.64,-147.976,-28.0163,-5136.64,-220.244,-293.272,-5136.64,-146.889,-5136.64,-145.786,-5136.64,-229.048,-148.986,-5136.64,-13.9645,-146.185,-5136.64,-16.3819,-95.9006,-217.142,-215.814,-223.391,-12.3636,-147.386,-5136.64,-218.994,-147.785,-5136.64,-229.007,-212.579,-144.585,-5136.64,-295.382,-5136.64,-5136.64,-226.485,-143.283,-145.077,-146.483,-5136.64,-71.7163,-38.738,-144.883,-19.0952,-5136.64,-42.8562,-47.8843,-41.273,-18.543,-106.414,-143.474,-13.9112,-143.565,-25.8293,-15.7216,-13.9134,-7.92955,-14.8543,-14.4491,-16.436,-23.6579,-9.95435
-4.66269,-16.66,-18.7421,-16.6353,-19.1805,-14.3065,-19.9237,-16.9474,-17.7988,-16.1917,-16.5091,-15.7264,-15.2673,-19.227,-16.0702,-19.625,-155.816,-15.6267,-5136.64,-15.169,-14.002,-15.1246,-18.0959,-14.8241,-18.0094,-17.7467,-19.1133,-20.0818,-17.9352,-17.5882,-14.7185,-17.4718,-16.1893,-17.7621,-17.4174,-15.6882,-17.398,-15.6393,-20.5413,-15.211,-20.4835,-14.3857,-19.996,-14.2801,-17.7822,-20.5516,-14.327,-14.7653,-4.89696,-21.0394,-20.985,-17.9072,-13.9474,-20.6162,-9.57984,-13.8887,-17.2339,-20.851,-13.5091,-21.0918,-13.4503,-21.5301,-13.8418,-17.8941,-21.4233,-12.6324,-313.981,-21.9161,-13.0707,-5.85374,-14.8918,-17.5755,-17.5733,-17.0373,-4.19954,-21.4778,-12.1941,-17.3869,-21.8616,-13.4035,-17.67,-17.7465,-21.9685,-12.5737,-17.0852,-12.9652,-13.012,-16.8265,-22.4068,-22.7383,-22.3,-11.7558,-10.8116,-29.5981,-22.3544,-8.97229,-12.1351,-23.7265,-9.77572,-27.4834,-8.89659,-10.6139,-22.7937,-121.676,-23.1769,-7.68612,-8.3026,-105.733,-21.6526,-4.71799,-4.64328,-8.48258,-22.1371,-24.7694
-16.5103,-223.845,-153.603,-5136.64,-152.882,-30.9943,-84.0994,-5136.64,-185.707,-5136.64,-5136.64,-5136.64,-5136.64,-67.7788,-5136.64,-152.057,-12.2134,-5136.64,-15.169,-5136.64,-29.5328,-54.8317,-203.161,-5136.64,-236.631,-206.146,-53.35,-151.111,-206.365,-209.416,-5136.64,-34.8975,-5136.64,-209.507,-212.623,-5136.64,-32.3105,-102.165,-150.055,-5136.64,-139.294,-5136.64,-64.9202,-5136.64,-236.652,-148.537,-5136.64,-5136.64,-18.0006,-147.335,-148.935,-204.962,-5136.64,-146.932,-28.6398,-5136.64,-215.768,-291.235,-5136.64,-145.735,-5136.64,-144.529,-5136.64,-232.411,-147.729,-5136.64,-13.5326,-144.823,-5136.64,-16.7691,-97.9963,-212.596,-211.363,-218.849,-12.7133,-146.129,-5136.64,-214.477,-146.423,-5136.64,-232.418,-208.193,-143.223,-5136.64,-301.862,-5136.64,-5136.64,-221.876,-141.813,-143.496,-145.013,-5136.64,-72.0373,-37.6583,-143.413,-19.5303,-5136.64,-42.3242,-48.1362,-40.1284,-18.9624,-107.003,-141.893,-13.5031,-141.869,-26.0037,-16.1155,-13.5135,-7.07691,-15.035,-14.6273,-16.8216,-23.3207,-9.56366
-14.9127,-34.1294,-29.4643,-29.3842,-29.499,-515.772,-21.9043,-30.0858,-30.0583,-29.2556,-29.9751,-29.1021,-28.9318,-20.5693,-29.8477,-29.518,-11.0041,-29.7017,-14.002,-29.5328,-5136.64,-65.7169,-30.926,-28.7493,-28.3697,-30.746,-18.9201,-29.5204,-31.6143,-31.4346,-29.348,-15.8194,-29.5692,-32.3027,-32.1229,-29.4056,-15.366,-42.1207,-29.5055,-29.2291,-24.3676,-28.551,-20.262,-29.1503,-28.5663,-24.4173,-28.8473,-29.0456,-16.1845,-29.1781,-29.4745,-30.9008,-28.3345,-28.9144,-18.7819,-28.6309,-32.8113,-26.6899,-28.0996,-28.8818,-28.3959,-28.8351,-28.9344,-27.8735,-29.4278,-27.5722,-12.3238,-29.0687,-27.8456,-14.2867,-25.1943,-32.9935,-32.2777,-33.4996,-5.13088,-29.1314,-27.2786,-32.9679,-29.365,-28.7001,-28.063,-31.5892,-28.7724,-27.8685,-25.9071,-28.4467,-28.142,-34.1901,-28.6935,-29.1909,-29.2861,-26.9643,-46.9902,-29.1054,-28.9898,-11.6052,-27.5748,-17.8384,-70.0539,-30.5504,-11.3656,-36.8595,-28.8944,-17.8578,-29.0793,-211.279,-8.61921,-17.5957,-8.1939,-26.9706,-25.1492,-9.71471,-13.7401,-17.4277
-16.2994,-72.095,-53.6172,-54.1199,-53.5431,-74.5731,-32.8796,-55.2703,-54.9623,-54.0266,-55.2072,-53.8963,-53.7349,-30.0884,-55.1147,-53.438,-11.9276,-54.9911,-15.1246,-54.8317,-65.7169,-5136.64,-56.4083,-53.5479,-51.8916,-56.1966,-26.7892,-53.2982,-57.6725,-57.4614,-54.6429,-21.1514,-54.5844,-58.9368,-58.7256,-54.447,-20.2704,-118.782,-53.125,-54.2802,-38.6622,-53.3326,-29.3998,-54.4285,-52.3124,-39.0129,-53.8768,-54.0922,-17.8345,-52.3821,-52.9263,-56.4215,-53.0865,-52.0496,-23.8565,-53.6308,-59.9898,-44.8238,-52.8094,-51.8378,-53.3536,-51.6109,-54.1834,-51.04,-52.6995,-52.1599,-13.3342,-51.8975,-52.5007,-15.9235,-43.0732,-60.2056,-58.9504,-61.254,-8.08099,-52.1552,-51.7863,-60.2181,-52.4418,-53.9073,-51.4478,-57.6857,-51.3533,-52.7041,-47.3503,-53.5996,-53.0449,-62.5223,-51.0643,-51.8322,-52.1529,-51.3793,-210.81,-36.9362,-51.6086,-14.9847,-52.3303,-23.9317,-408.709,-39.4025,-14.6095,-104.033,-51.2872,-16.603,-51.4789,-47.7444,-11.5571,-16.4347,-8.2441,-19.5202,-18.7027,-12.6391,-16.8009,-14.3216
-13.9861,-229.005,-222.19,-218.691,-225.698,-32.5107,-84.0324,-219.683,-1340.33,-214.549,-215.705,-210.137,-205.715,-67.2792,-211.66,-229.192,-14.7552,-207.51,-18.0959,-203.161,-30.926,-56.4083,-5136.64,-201.382,-155.646,-5136.64,-52.9221,-232.717,-5136.64,-5136.64,-198.813,-34.2214,-213.645,-5136.64,-5136.64,-208.93,-31.709,-104.316,-236.195,-204.365,-140.115,-197.032,-64.9008,-194.52,-154.145,-149.52,-195.712,-200.035,-15.2283,-237.671,-239.489,-5136.64,-192.619,-232.366,-24.5157,-191.326,-5136.64,-294.66,-188.141,-235.841,-186.877,-238.979,-190.163,-153.819,-242.681,-178.991,-16.2544,-243.938,-183.599,-14.3237,-83.8055,-5136.64,-5136.64,-5136.64,-9.50155,-240.836,-174.317,-5136.64,-245.81,-185.743,-152.335,-5136.64,-242.054,-177.783,-257.772,-181.259,-182.363,-5136.64,-245.065,-251.878,-248.876,-169.576,-70.5103,-44.9843,-246.976,-16.5111,-173.135,-44.2118,-46.85,-47.9323,-16.0484,-103.928,-249.957,-16.3428,-254.817,-25.039,-13.2915,-16.2867,-11.0558,-13.8986,-13.5019,-14.1007,-24.6186,-12.459
-16.713,-218.859,-156.036,-5136.64,-155.218,-30.1562,-85.3986,-5136.64,-185.021,-5136.64,-5136.64,-5136.64,-5136.64,-68.8886,-5136.64,-154.294,-11.9745,-5136.64,-14.8241,-5136.64,-28.7493,-53.5479,-201.382,-5136.64,-243.667,-204.492,-54.2371,-153.243,-204.465,-207.643,-5136.64,-35.5345,-5136.64,-207.485,-210.729,-5136.64,-32.8916,-99.9048,-152.08,-5136.64,-141.316,-5136.64,-65.9293,-5136.64,-243.697,-150.704,-5136.64,-5136.64,-18.2272,-149.254,-150.854,-203.235,-5136.64,-148.964,-29.2199,-5136.64,-213.752,-295.228,-5136.64,-147.654,-5136.64,-146.341,-5136.64,-239.444,-149.541,-5136.64,-13.2453,-146.525,-5136.64,-17.0148,-100.266,-210.451,-209.394,-216.71,-13.393,-147.941,-5136.64,-212.385,-148.125,-5136.64,-239.46,-206.345,-144.925,-5136.64,-309.084,-5136.64,-5136.64,-219.613,-143.402,-144.969,-146.602,-5136.64,-70.8657,-36.4383,-145.002,-20.0717,-5136.64,-42.7163,-47.395,-38.7983,-19.4873,-105.401,-143.365,-12.9725,-143.221,-25.6349,-16.6908,-13.0024,-6.44157,-14.8822,-14.4833,-17.3442,-23.4977,-8.87612
-13.5794,-211.036,-224.911,-229.955,-220.952,-29.7892,-91.3031,-223.128,-162.081,-233.411,-226.55,-236.968,-240.409,-73.1765,-229.915,-216.876,-14.9638,-233.253,-18.0094,-236.631,-28.3697,-51.8916,-155.646,-243.667,-5136.64,-158.901,-57.6161,-212.62,-155.293,-158.565,-239.889,-37.3375,-231.229,-154.853,-158.141,-235.036,-34.5617,-96.0855,-208.273,-238.585,-152.099,-246.825,-70.5711,-242.996,-5136.64,-162.431,-244.966,-241.834,-14.8009,-202.631,-204.011,-157.246,-249.921,-205.75,-25.0425,-248.034,-157.629,-319.639,-252.954,-201.241,-251.039,-197.02,-246.039,-5136.64,-199.736,-258.825,-16.3303,-194.074,-255.922,-14.1671,-86.9096,-154.323,-156.453,-157.029,-11.5825,-198.384,-261.663,-155.924,-195.399,-249.019,-5136.64,-156.893,-192.737,-256.855,-268.225,-251.933,-253.98,-156.336,-188.391,-186.534,-190.998,-264.435,-65.1725,-43.0896,-189.701,-17.4472,-259.666,-47.8421,-43.3515,-45.7689,-16.9633,-96.2559,-185.255,-15.3342,-182.002,-23.1776,-14.4894,-15.3354,-11.9474,-12.8709,-12.5152,-15.1069,-26.6058,-10.7219
-14.281,-228.299,-225.939,-221.534,-229.405,-32.3151,-84.3226,-222.408,-1349.67,-217.457,-218.493,-213.113,-208.759,-67.5654,-214.513,-232.857,-14.4587,-210.427,-17.7467,-206.146,-30.746,-56.1966,-5136.64,-204.492,-158.901,-5136.64,-53.1534,-236.339,-5136.64,-5136.64,-201.865,-34.4203,-216.517,-5136.64,-5136.64,-211.876,-31.8891,-104.018,-239.773,-207.381,-140.488,-200.208,-65.1235,-197.637,-157.395,-149.911,-198.86,-203.117,-15.5525,-241.188,-243.025,-5136.64,-195.861,-235.911,-25.0217,-194.54,-5136.64,-295.245,-191.451,-239.34,-190.158,-242.435,-193.347,-157.085,-246.174,-182.437,-15.9334,-247.37,-186.977,-14.6141,-85.5746,-5136.64,-5136.64,-5136.64,-10.0059,-244.311,-177.832,-5136.64,-249.26,-188.993,-155.596,-5136.64,-245.467,-181.199,-263.287,-184.576,-185.711,-5136.64,-248.434,-255.242,-252.283,-173.161,-70.6878,-44.0729,-250.365,-16.8936,-176.62,-44.1443,-47.0037,-46.9584,-16.4179,-104.299,-253.301,-15.9838,-258.137,-25.1579,-13.6568,-15.9368,-10.7225,-14.0466,-13.6489,-14.4491,-24.5534,-12.0792
-10.4382,-43.8048,-55.7745,-54.99,-55.7351,-19.4599,-154.656,-53.9602,-54.4321,-54.8547,-53.857,-54.6788,-54.4708,-274.888,-53.7229,-55.664,-16.8169,-53.5559,-19.1133,-53.35,-18.9201,-26.7892,-52.9221,-54.2371,-57.6161,-53.1534,-5136.64,-55.5583,-51.6083,-51.839,-53.1138,-104.643,-54.3081,-50.2944,-50.5252,-54.1217,-83.9735,-34.9161,-55.4184,-53.9064,-90.6758,-53.9738,-306.696,-52.8515,-57.1564,-87.6269,-53.4082,-53.6715,-11.1464,-55.8166,-55.251,-52.9197,-53.6782,-56.5604,-20.9761,-53.1125,-49.2113,-68.3253,-53.3496,-56.3822,-52.7839,-56.1854,-52.5569,-58.4786,-55.0542,-52.5911,-17.8959,-55.3915,-52.9874,-11.5705,-48.4823,-48.9758,-50.2916,-47.8975,-15.485,-55.6198,-52.1598,-48.9741,-54.8259,-52.2294,-58.0212,-51.6059,-55.9571,-52.0255,-59.6416,-51.8683,-52.4218,-46.5794,-55.6969,-54.2731,-54.5657,-51.6927,-28.6371,-31.2215,-55.1313,-17.2926,-51.5939,-336.931,-23.4342,-31.3976,-16.8629,-33.4288,-54.8381,-13.6311,-53.9474,-15.8007,-15.3163,-13.7672,-18.1731,-9.92557,-9.72111,-15.4921,-50.9987,-8.35252
-11.959,-215.824,-5136.64,-156.814,-5136.64,-31.0373,-88.5041,-154.234,-277.965,-156.085,-153.603,-155.22,-154.264,-70.616,-152.882,-5136.64,-16.7069,-152.059,-20.0818,-151.111,-29.5204,-53.2982,-232.717,-153.243,-212.62,-236.339,-55.5583,-5136.64,-228.604,-232.182,-150.077,-35.7108,-154.583,-224.428,-227.965,-153.66,-33.0843,-98.1226,-5136.64,-152.669,-148.085,-152.136,-68.4095,-148.973,-209.736,-158.169,-150.536,-151.643,-13.0163,-5136.64,-5136.64,-234.154,-150.93,-5136.64,-22.1042,-149.33,-223.685,-312.36,-149.623,-5136.64,-148.023,-5136.64,-147.77,-213.038,-5136.64,-146.697,-18.2259,-5136.64,-148.213,-12.537,-76.5079,-220.175,-225.81,-219.342,-8.03713,-5136.64,-145.07,-221.534,-5136.64,-146.467,-210.167,-230.014,-5136.64,-145.097,-235.729,-145.06,-146.613,-214.921,-5136.64,-5136.64,-5136.64,-143.331,-64.2415,-48.6401,-5136.64,-15.1745,-143.47,-47.6363,-42.5095,-51.7148,-14.7675,-94.2009,-5136.64,-17.5496,-5136.64,-22.4978,-12.298,-17.491,-13.5436,-11.9662,-11.615,-13.0251,-26.6492,-13.1646
-14.2065,-234.096,-218.264,-222.032,-221.711,-33.2417,-81.9664,-223.138,-1308.73,-217.828,-219.098,-213.35,-208.863,-65.6266,-214.992,-225.143,-14.5258,-210.779,-17.9352,-206.365,-31.6143,-57.6725,-5136.64,-204.465,-155.293,-5136.64,-51.6083,-228.604,-5136.64,-5136.64,-201.953,-33.3698,-216.959,-5136.64,-5136.64,-212.173,-30.9285,-106.659,-232.017,-207.54,-136.662,-200.052,-63.288,-197.596,-153.821,-145.794,-198.76,-203.145,-15.4654,-233.403,-235.248,-5136.64,-195.574,-228.138,-24.5517,-194.31,-5136.64,-287.376,-191.032,-231.546,-189.796,-234.621,-193.176,-153.408,-238.377,-181.75,-16.0559,-239.543,-186.424,-14.4748,-83.5552,-5136.64,-5136.64,-5136.64,-9.09897,-236.505,-177.009,-5136.64,-241.443,-188.692,-151.953,-5136.64,-237.631,-180.57,-256.756,-184.143,-185.216,-5136.64,-240.578,-247.383,-244.445,-172.199,-72.197,-45.0837,-242.518,-16.3753,-175.856,-43.0837,-47.9723,-48.0799,-15.9139,-106.404,-245.433,-16.4588,-250.257,-25.6528,-13.0636,-16.3906,-10.6332,-14.2743,-13.8648,-13.9281,-23.9882,-12.7612
-14.504,-233.392,-221.97,-224.941,-225.375,-33.0464,-82.2558,-225.928,-1317.99,-220.802,-221.952,-216.393,-211.974,-65.9121,-217.91,-228.765,-14.2317,-213.762,-17.5882,-209.416,-31.4346,-57.4614,-5136.64,-207.643,-158.565,-5136.64,-51.839,-232.182,-5136.64,-5136.64,-205.071,-33.5682,-219.896,-5136.64,-5136.64,-215.184,-31.1081,-106.363,-235.551,-210.622,-137.034,-203.296,-63.5099,-200.781,-157.087,-146.184,-201.975,-206.294,-15.7925,-236.876,-238.739,-5136.64,-198.885,-231.639,-25.0603,-197.592,-5136.64,-287.957,-194.411,-235,-193.145,-238.032,-196.427,-156.69,-241.825,-185.267,-15.7372,-242.93,-189.872,-14.7672,-85.3328,-5136.64,-5136.64,-5136.64,-9.60309,-239.935,-180.595,-5136.64,-244.848,-192.01,-155.229,-5136.64,-240.999,-184.057,-262.297,-187.529,-188.634,-5136.64,-243.902,-250.7,-247.807,-175.857,-72.3753,-44.1769,-245.86,-16.7599,-179.412,-43.0157,-48.1265,-47.1109,-16.2853,-106.776,-248.732,-16.1017,-253.53,-25.7719,-13.4314,-16.0426,-10.2997,-14.4225,-14.0119,-14.2786,-23.9227,-12.3849
-16.9126,-223.263,-152.861,-5136.64,-152.046,-30.7923,-83.6352,-5136.64,-182.257,-5136.64,-5136.64,-5136.64,-5136.64,-67.4758,-5136.64,-151.124,-11.8107,-5136.64,-14.7185,-5136.64,-29.348,-54.6429,-198.813,-5136.64,-239.889,-201.865,-53.1138,-150.077,-201.953,-205.071,-5136.64,-34.8044,-5136.64,-205.03,-208.214,-5136.64,-32.2225,-101.931,-148.917,-5136.64,-138.373,-5136.64,-64.5528,-5136.64,-239.96,-147.53,-5136.64,-5136.64,-18.4417,-146.094,-147.694,-200.642,-5136.64,-145.801,-29.2535,-5136.64,-211.294,-289.028,-5136.64,-144.494,-5136.64,-143.185,-5136.64,-235.654,-146.385,-5136.64,-13.1074,-143.372,-5136.64,-17.1504,-100.059,-208.053,-206.914,-214.309,-13.0366,-144.785,-5136.64,-209.963,-144.972,-5136.64,-235.71,-203.809,-141.772,-5136.64,-308.241,-5136.64,-5136.64,-217.27,-140.252,-141.823,-143.452,-5136.64,-72.3101,-36.5953,-141.852,-19.9586,-5136.64,-41.7631,-48.3549,-39.0016,-19.3753,-107.518,-140.219,-13.1013,-140.079,-26.1587,-16.5034,-13.1199,-6.11044,-15.2007,-14.7909,-17.2011,-22.9664,-9.17905
-9.75085,-30.6635,-36.0265,-35.7839,-35.9439,-16.16,-61.7796,-35.0603,-35.2609,-35.754,-35.0503,-35.701,-35.6268,-75.1794,-35.0206,-35.8396,-15.8264,-34.9705,-17.4718,-34.8975,-15.8194,-21.1514,-34.2214,-35.5345,-37.3375,-34.4203,-104.643,-35.7108,-33.3698,-33.5682,-34.8044,-5136.64,-35.3923,-32.518,-32.7166,-35.3372,-409.23,-25.9832,-35.5589,-35.2607,-47.9662,-35.4229,-77.6905,-34.6936,-37.0639,-47.2948,-35.0563,-35.1678,-10.291,-35.7574,-35.3907,-34.2443,-35.2911,-36.3035,-19.5905,-34.9245,-31.8649,-40.7034,-35.1389,-36.124,-34.7722,-35.9368,-34.5624,-37.921,-35.2035,-34.7717,-16.6248,-35.3616,-34.9658,-11.0652,-35.769,-31.6633,-32.5407,-31.0133,-22.9091,-35.5702,-34.5563,-31.6867,-34.995,-34.4108,-37.6489,-33.3926,-35.7283,-34.4051,-39.6182,-34.2384,-34.5992,-30.1589,-35.4981,-34.5126,-34.7648,-34.319,-22.4464,-23.4726,-35.1315,-17.9353,-34.1895,-140.629,-19.2281,-23.208,-17.5461,-25.3342,-34.8787,-11.4846,-34.2376,-13.8927,-16.6301,-11.6756,-21.5143,-9.33153,-9.17158,-16.5065,-99.576,-6.45874
-15.5491,-222.473,-156.468,-5136.64,-155.943,-31.0448,-85.7994,-5136.64,-194.329,-5136.64,-5136.64,-5136.64,-5136.64,-68.9962,-5136.64,-155.32,-13.1601,-5136.64,-16.1893,-5136.64,-29.5692,-54.5844,-213.645,-5136.64,-231.229,-216.517,-54.3081,-154.583,-216.959,-219.896,-5136.64,-35.3923,-5136.64,-220.21,-223.212,-5136.64,-32.7698,-101.463,-153.742,-5136.64,-142.435,-5136.64,-66.258,-5136.64,-231.127,-151.958,-5136.64,-5136.64,-16.9486,-151.233,-152.833,-215.4,-5136.64,-150.603,-27.3077,-5136.64,-226.466,-298.41,-5136.64,-149.633,-5136.64,-148.64,-5136.64,-227.048,-151.84,-5136.64,-14.5147,-149.151,-5136.64,-15.8847,-93.6786,-223.411,-222.019,-229.658,-12.1268,-150.24,-5136.64,-225.244,-150.751,-5136.64,-226.933,-218.74,-147.552,-5136.64,-288.615,-5136.64,-5136.64,-232.797,-146.365,-148.277,-149.565,-5136.64,-70.5865,-39.862,-147.965,-18.6692,-5136.64,-43.8828,-47.09,-42.4462,-18.1337,-104.624,-146.675,-14.3015,-146.886,-25.354,-15.3786,-14.3,-8.93724,-14.4797,-14.0831,-16.0799,-24.2736,-10.2391
-14.4136,-239.187,-214.277,-225.312,-217.662,-33.9727,-79.9004,-226.531,-1277.12,-221.045,-222.43,-216.501,-211.947,-63.9738,-218.262,-221.031,-14.282,-213.986,-17.7621,-209.507,-32.3027,-58.9368,-5136.64,-207.485,-154.853,-5136.64,-50.2944,-224.428,-5136.64,-5136.64,-205.03,-32.518,-220.21,-5136.64,-5136.64,-215.353,-30.1478,-109.003,-227.776,-210.652,-133.209,-203.008,-61.675,-200.61,-153.411,-142.069,-201.743,-206.193,-15.6881,-229.071,-230.944,-5136.64,-198.465,-223.848,-24.5739,-197.229,-5136.64,-280.09,-193.858,-227.187,-192.649,-230.198,-196.125,-152.909,-234.009,-184.442,-15.8442,-235.084,-189.183,-14.6153,-83.2572,-5136.64,-5136.64,-5136.64,-8.69636,-232.11,-179.632,-5136.64,-237.011,-191.576,-151.483,-5136.64,-233.145,-183.291,-255.59,-186.961,-188.004,-5136.64,-236.026,-242.822,-239.949,-174.753,-73.8838,-45.1591,-237.994,-16.2282,-178.509,-41.9555,-49.0946,-48.2016,-15.7684,-108.881,-240.844,-16.5647,-245.63,-26.2666,-12.8215,-16.4848,-10.2105,-14.6501,-14.2277,-13.7438,-23.3578,-13.0456
-14.7135,-238.483,-217.941,-228.285,-221.285,-33.7774,-80.1898,-229.385,-1286.31,-224.083,-225.348,-219.608,-215.124,-64.2595,-221.245,-224.612,-13.9906,-217.034,-17.4174,-212.623,-32.1229,-58.7256,-5136.64,-210.729,-158.141,-5136.64,-50.5252,-227.965,-5136.64,-5136.64,-208.214,-32.7166,-223.212,-5136.64,-5136.64,-218.43,-30.3275,-108.707,-231.268,-213.8,-133.581,-206.318,-61.897,-203.861,-156.693,-142.458,-205.025,-209.408,-16.0178,-232.501,-234.392,-5136.64,-201.844,-227.306,-25.085,-200.578,-5136.64,-280.673,-197.305,-230.599,-196.067,-233.566,-199.443,-156.207,-237.415,-188.028,-15.5279,-238.427,-192.7,-14.9096,-85.0436,-5136.64,-5136.64,-5136.64,-9.20051,-235.497,-183.29,-5136.64,-240.374,-194.962,-154.776,-5136.64,-236.469,-186.848,-261.158,-190.416,-191.49,-5136.64,-239.306,-246.095,-243.267,-178.483,-74.062,-44.2567,-241.293,-16.6149,-182.136,-41.8876,-49.2488,-47.2373,-16.1418,-109.252,-244.098,-16.2094,-248.859,-26.3856,-13.1919,-16.1385,-9.87704,-14.7983,-14.3749,-14.0965,-23.2923,-12.6725
-15.9965,-222.116,-155.86,-5136.64,-155.234,-30.8649,-85.4059,-5136.64,-190.631,-5136.64,-5136.64,-5136.64,-5136.64,-68.7554,-5136.64,-154.506,-12.7123,-5136.64,-15.6882,-5136.64,-29.4056,-54.447,-208.93,-5136.64,-235.036,-211.876,-54.1217,-153.66,-212.173,-215.184,-5136.64,-35.3372,-5136.64,-215.353,-218.43,-5136.64,-32.7163,-101.335,-152.708,-5136.64,-141.622,-5136.64,-65.9453,-5136.64,-234.987,-151.064,-5136.64,-5136.64,-17.4393,-150.09,-151.69,-210.715,-5136.64,-149.578,-27.9904,-5136.64,-221.613,-296.411,-5136.64,-148.49,-5136.64,-147.388,-5136.64,-230.838,-150.588,-5136.64,-14.0418,-147.786,-5136.64,-16.3087,-95.9731,-218.482,-217.193,-224.733,-12.5364,-148.988,-5136.64,-220.346,-149.386,-5136.64,-230.776,-213.985,-146.187,-5136.64,-295.709,-5136.64,-5136.64,-227.799,-144.885,-146.679,-148.085,-5136.64,-70.9897,-38.6798,-146.485,-19.1455,-5136.64,-43.3425,-47.4008,-41.1929,-18.593,-105.347,-145.076,-13.8546,-145.167,-25.5649,-15.8099,-13.8623,-8.11257,-14.6923,-14.2927,-16.5021,-23.9297,-9.81137
-9.51026,-28.7364,-33.3655,-33.131,-33.2924,-15.6788,-54.0525,-32.4703,-32.659,-33.101,-32.4586,-33.0496,-32.9789,-63.9412,-32.4287,-33.1995,-15.8722,-32.3802,-17.398,-32.3105,-15.366,-20.2704,-31.709,-32.8916,-34.5617,-31.8891,-83.9735,-33.0843,-30.9285,-31.1081,-32.2225,-409.23,-32.7698,-30.1478,-30.3275,-32.7163,-5136.64,-24.6078,-32.9479,-32.6433,-43.2494,-32.7867,-65.8017,-32.1182,-34.3098,-42.7481,-32.4506,-32.5555,-10.0135,-33.1326,-32.7965,-31.7289,-32.6632,-33.6302,-18.9984,-32.3271,-29.547,-37.2978,-32.5209,-33.4686,-32.1848,-33.2998,-31.9953,-35.0954,-32.6277,-32.1788,-16.62,-32.7755,-32.3595,-10.8196,-33.4299,-29.3644,-30.1675,-28.7664,-24.462,-32.9638,-31.9785,-29.3847,-32.4394,-31.8536,-34.8449,-30.9483,-33.1115,-31.8428,-36.6756,-31.6929,-32.0235,-27.9833,-32.9035,-32.0031,-32.2314,-31.7581,-21.3747,-22.4571,-32.5674,-17.7308,-31.6423,-103.751,-18.4596,-22.1424,-17.3609,-23.9548,-32.3387,-11.3239,-31.7541,-13.5121,-16.5614,-11.5191,-23.4173,-9.16648,-9.01422,-16.4,-133.236,-6.38956
-16.3571,-186.239,-99.0566,-100.504,-98.808,-45.4077,-45.8223,-102.528,-101.753,-100.443,-102.522,-100.32,-100.138,-40.6025,-102.461,-98.4994,-12.4563,-102.344,-15.6393,-102.165,-42.1207,-118.782,-104.316,-99.9048,-96.0855,-104.018,-34.9161,-98.1226,-106.659,-106.363,-101.931,-25.9832,-101.463,-109.003,-108.707,-101.335,-24.6078,-5136.64,-97.6819,-101.148,-57.9504,-99.6192,-39.4444,-101.647,-96.9129,-59.0617,-100.628,-100.914,-17.9134,-96.1878,-97.1967,-104.388,-99.278,-95.6967,-26.2346,-100.287,-111.05,-73.1839,-98.8807,-95.1789,-99.8897,-94.6412,-101.308,-94.5543,-96.6591,-97.9149,-13.8632,-95.0535,-98.4266,-16.2631,-64.5669,-111.355,-109.076,-113.394,-9.85324,-95.6501,-97.3448,-111.426,-96.0625,-100.912,-95.3576,-106.731,-94.0446,-98.9239,-85.5504,-100.46,-99.4356,-115.745,-93.388,-94.6881,-95.4059,-96.7151,-249.661,-40.2996,-94.397,-16.9149,-98.3534,-30.056,-89.4757,-43.2954,-16.4535,-1792.83,-93.6776,-15.5561,-93.9072,-33.9331,-13.4197,-15.464,-8.37422,-16.8851,-16.3119,-14.3762,-19.4518,-12.3159
-11.5488,-214.943,-5136.64,-156.057,-5136.64,-31.0267,-88.3742,-153.571,-282.521,-155.231,-152.846,-154.263,-153.203,-70.4458,-152.028,-5136.64,-17.1175,-151.107,-20.5413,-150.055,-29.5055,-53.125,-236.195,-152.08,-208.273,-239.773,-55.4184,-5136.64,-232.017,-235.551,-148.917,-35.5589,-153.742,-227.776,-231.268,-152.708,-32.9479,-97.6819,-5136.64,-151.609,-148.004,-150.869,-68.313,-147.71,-205.383,-158.095,-149.269,-150.48,-12.5664,-5136.64,-5136.64,-237.604,-149.558,-5136.64,-21.4783,-147.958,-226.922,-312.431,-148.143,-5136.64,-146.543,-5136.64,-146.402,-208.62,-5136.64,-144.989,-18.6594,-5136.64,-146.621,-12.1483,-74.4041,-223.457,-229.13,-222.512,-7.21666,-5136.64,-143.244,-224.787,-5136.64,-144.99,-205.742,-233.399,-5136.64,-143.389,-229.225,-143.472,-145.021,-218.024,-5136.64,-5136.64,-5136.64,-141.38,-63.4022,-49.7241,-5136.64,-14.7378,-141.643,-47.8306,-41.9006,-52.8638,-14.3464,-92.8124,-5136.64,-17.9594,-5136.64,-22.1142,-11.9026,-17.8923,-13.9111,-11.6128,-11.2669,-12.638,-26.7886,-13.5568
