-9775.23,-312.193,-148.34,-17.9031,-17.2606,-732.161,-81.3207,-16.6949,-123.715,-24.369,-222.996,-21.0688,-75.1767,-18.842,-47.7306,-18.4008,-68.0604,-21.4831,-17.0206,-34.6166,-34.3015,-25.4718,-32.981,-34.2693,-19.0029,-28.0861,-19.1531,-43.6695,-20.801,-32.1679,-18.7318,-34.2033,-34.1038,-10.037,-7.98306,-26.1871,-27.3106,-10.5479,-8.47229,-21.4606
-312.193,-9775.23,-99.7283,-16.7182,-16.1546,-547.034,-63.6812,-15.6341,-87.5869,-22.3475,-129.68,-19.5035,-59.929,-17.5458,-40.8249,-17.1804,-55.3713,-19.8873,-16.7923,-30.7393,-30.5892,-23.3099,-29.3232,-30.4269,-18.6588,-25.48,-17.9715,-37.8305,-19.268,-28.5917,-18.8274,-30.5134,-30.2654,-9.30563,-7.74917,-29.3659,-30.5827,-9.92225,-8.20512,-23.5502
-148.34,-99.7283,-9775.23,-20.4926,-19.6551,-124.317,-183.89,-18.9707,-786.004,-29.2256,-448.533,-24.6506,-153.713,-21.7021,-71.4997,-21.0642,-125.674,-25.1279,-17.8409,-45.7414,-44.604,-30.7203,-43.3001,-45.2854,-18.9163,-34.7022,-22.0344,-62.5519,-24.2725,-42.2348,-17.7488,-44.4062,-45.1362,-11.7572,-7.87579,-22.5294,-23.3512,-12.0352,-8.57345,-19.1979
-17.9031,-16.7182,-20.4926,-9775.23,-402.995,-17.6343,-23.3387,-303.236,-21.2682,-69.7022,-19.3779,-124.404,-23.7343,-323.149,-29.1238,-1191.96,-24.4042,-116.589,-9.8282,-37.6089,-38.1109,-62.6754,-40.1893,-37.998,-16.3898,-50.5367,-23.0319,-30.7757,-126.897,-41.0914,-11.3297,-37.9352,-37.8795,-18.2759,-21.0982,-9.21289,-9.71895,-16.1267,-20.3405,-8.45599
-17.2606,-16.1546,-19.6551,-402.995,-9775.23,-17.0179,-22.2596,-1291.13,-20.3688,-59.7682,-18.6277,-95.6374,-22.605,-180.873,-27.4121,-299.332,-23.1936,-90.6856,-9.78214,-34.6821,-34.9528,-54.4364,-36.9567,-35.0363,-15.7926,-45.1362,-22.8131,-28.8357,-97.1818,-37.7784,-10.8628,-34.7745,-34.9454,-18.6102,-21.8004,-9.2318,-9.69929,-16.3931,-21.0105,-8.51197
-732.161,-547.034,-124.317,-17.6343,-17.0179,-9775.23,-73.7231,-16.4689,-106.547,-23.7956,-172.544,-20.6649,-68.7417,-18.5342,-45.1633,-18.1168,-62.8433,-21.0649,-16.9959,-33.3349,-33.0553,-24.8418,-31.7836,-33.0036,-18.9089,-27.2867,-18.8953,-41.5626,-20.4076,-31.0081,-18.7404,-32.9636,-32.8438,-9.95867,-7.99684,-27.0977,-28.2547,-10.474,-8.47257,-22.0133
-81.3207,-63.6812,-183.89,-23.3387,-22.2596,-73.7231,-9775.23,-21.4432,-242.537,-35.0726,-129.034,-28.7548,-901.617,-24.8934,-118.72,-24.0016,-385.018,-29.3154,-18.2773,-61.6874,-59.3894,-37.1266,-58.1222,-61.0803,-18.5876,-43.183,-24.6999,-95.6849,-28.2521,-56.7061,-16.6378,-59.0498,-60.9534,-13.4989,-7.77737,-20.1323,-20.7878,-13.4551,-8.70799,-17.5427
-16.6949,-15.6341,-18.9707,-303.236,-1291.13,-16.4689,-21.4432,-9775.23,-19.656,-56.0922,-17.9873,-87.4887,-21.7617,-156.326,-26.2954,-239.072,-22.3095,-83.1774,-9.27053,-33.0613,-33.3884,-51.2547,-35.302,-33.4063,-15.5623,-42.8135,-22.2419,-27.619,-88.8776,-36.1022,-10.5593,-33.221,-33.312,-18.459,-23.4971,-8.85645,-9.33227,-16.2437,-22.2881,-8.1573
-123.715,-87.5869,-786.004,-21.2682,-20.3688,-106.547,-242.537,-19.656,-9775.23,-30.6975,-282.704,-25.7284,-192.563,-22.5703,-79.4727,-21.8706,-150.53,-26.2347,-17.7028,-49.041,-47.8427,-32.322,-46.4531,-48.557,-19.123,-36.7321,-22.5165,-68.5985,-25.3357,-45.3222,-17.7242,-47.6337,-48.3977,-12.1088,-8.14833,-21.4428,-22.2687,-12.295,-8.83243,-18.3435
-24.369,-22.3475,-29.2256,-69.7022,-59.7682,-23.7956,-35.0726,-56.0922,-30.6975,-9775.23,-27.128,-159.775,-36.1715,-88.6062,-50.0665,-74.9536,-37.9819,-173.518,-10.9939,-83.5398,-87.0127,-712.959,-90.3326,-84.4213,-20.4162,-187.44,-23.8821,-55.6841,-155.809,-92.3692,-15.2238,-86.8379,-83.9346,-15.6963,-16.556,-9.86864,-10.6474,-14.2527,-16.1788,-8.78829
-222.996,-129.68,-448.533,-19.3779,-18.6277,-172.544,-129.034,-17.9873,-282.704,-27.128,-9775.23,-23.1064,-113.566,-20.46,-60.9855,-19.9087,-97.5712,-23.5462,-17.8804,-41.0764,-40.1062,-28.4443,-38.8859,-40.6626,-18.6858,-31.834,-21.1547,-54.3611,-22.7572,-37.919,-17.8674,-39.9327,-40.5214,-11.1744,-7.61108,-24.2398,-25.0816,-11.5771,-8.29489,-20.474
-21.0688,-19.5035,-24.6506,-124.404,-95.6374,-20.6649,-28.7548,-87.4887,-25.7284,-159.775,-23.1064,-9775.23,-29.4301,-201.868,-38.0603,-140.313,-30.5497,-2285.35,-10.5317,-54.3306,-55.8997,-129.22,-58.432,-54.8982,-18.627,-86.0488,-23.8526,-41.0874,-9775.23,-59.7453,-13.3902,-55.7241,-54.6479,-17.0152,-18.1993,-9.59525,-10.2342,-15.2013,-17.718,-8.67651
-75.1767,-59.929,-153.713,-23.7343,-22.605,-68.7417,-901.617,-21.7617,-192.563,-36.1715,-113.566,-29.4301,-9775.23,-25.3666,-135.591,-24.423,-660.625,-30.018,-18.2398,-65.5825,-63.0942,-38.3759,-61.7462,-64.9307,-18.6063,-44.9835,-24.9375,-106.007,-28.9069,-60.2258,-16.5852,-62.7274,-64.7963,-13.5904,-7.73725,-19.845,-20.4874,-13.5236,-8.68989,-17.351
-18.842,-17.5458,-21.7021,-323.149,-180.873,-18.5342,-24.8934,-156.326,-22.5703,-88.6062,-20.46,-201.868,-25.3666,-9775.23,-31.6457,-444.879,-26.1629,-183.458,-9.69878,-42.1329,-43.2234,-77.843,-45.2843,-42.5767,-17.4952,-59.7948,-22.8877,-33.6664,-207.951,-46.3115,-12.2281,-43.0731,-42.3937,-17.4534,-20.8621,-8.99936,-9.58918,-15.4621,-19.9352,-8.18217
-47.7306,-40.8249,-71.4997,-29.1238,-27.4121,-45.1633,-118.72,-26.2954,-79.4727,-50.0665,-60.9855,-38.0603,-135.591,-31.6457,-9775.23,-30.0596,-169.81,-38.9158,-17.9321,-127.558,-121.411,-54.1803,-119.635,-126.303,-18.1427,-68.7005,-27.8868,-474.344,-37.2947,-116.713,-15.1844,-120.57,-126.167,-15.7945,-7.87073,-17.1884,-17.7174,-15.1709,-9.12227,-15.3301
-18.4008,-17.1804,-21.0642,-1191.96,-299.332,-18.1168,-24.0016,-239.072,-21.8706,-74.9536,-19.9087,-140.313,-24.423,-444.879,-30.0596,-9775.23,-25.1344,-130.9,-9.73357,-39.0801,-39.9974,-67.1171,-41.9104,-39.4828,-17.1903,-53.5217,-22.6697,-31.8189,-143.518,-42.8427,-12.036,-39.8541,-39.3235,-17.5986,-21.547,-9.061,-9.62391,-15.5672,-20.481,-8.26922
-68.0604,-55.3713,-125.674,-24.4042,-23.1936,-62.8433,-385.018,-22.3095,-150.53,-37.9819,-97.5712,-30.5497,-660.625,-26.1629,-169.81,-25.1344,-9775.23,-31.1821,-18.1359,-72.1858,-69.4142,-40.4348,-67.9187,-71.4612,-18.6669,-47.967,-25.2723,-125.273,-29.9971,-66.2285,-16.5233,-69.006,-71.3123,-13.7523,-7.75944,-19.3698,-20.0002,-13.6377,-8.73052,-17.0055
-21.4831,-19.8873,-25.1279,-116.589,-90.6856,-21.0649,-29.3154,-83.1774,-26.2347,-173.518,-23.5462,-2285.35,-30.018,-183.458,-38.9158,-130.9,-31.1821,-9775.23,-10.3255,-55.9268,-58.0635,-138.621,-60.3511,-56.5094,-19.3692,-90.4676,-23.2666,-42.0761,-1834.75,-61.6975,-14.0729,-57.9331,-56.2028,-16.3108,-18.5792,-9.35827,-10.0638,-14.6269,-17.8946,-8.40473
-17.0206,-16.7923,-17.8409,-9.8282,-9.78214,-16.9959,-18.2773,-9.27053,-17.7028,-10.9939,-17.8804,-10.5317,-18.2398,-9.69878,-17.9321,-9.73357,-18.1359,-10.3255,-9775.23,-17.1347,-11.918,-10.9105,-14.294,-17.0039,-8.13889,-11.3063,-42.7988,-17.7035,-9.85847,-13.9489,-8.66411,-11.4536,-17.453,0,-0.303077,-23.3681,-22.7617,-36.7042,-1.26703,-22.6536
-34.6166,-30.7393,-45.7414,-37.6089,-34.6821,-33.3349,-61.6874,-33.0613,-49.041,-83.5398,-41.0764,-54.3306,-65.5825,-42.1329,-127.558,-39.0801,-72.1858,-55.9268,-17.1347,-9775.23,-151.726,-95.4787,-234.312,-9775.23,-17.3916,-156.083,-29.8887,-172.803,-53.0585,-230.103,-13.7639,-150.509,-9775.23,-17.8064,-7.82094,-15.2966,-15.7382,-16.5785,-9.49011,-13.8626
-34.3015,-30.5892,-44.604,-38.1109,-34.9528,-33.0553,-59.3894,-33.3884,-47.8427,-87.0127,-40.1062,-55.8997,-63.0942,-43.2234,-121.411,-39.9974,-69.4142,-58.0635,-11.918,-151.726,-9775.23,-100.28,-206.015,-153.342,-23.021,-164.325,-22.6543,-164.29,-55.2105,-209.173,-18.6333,-9775.23,-152.168,-13.0455,-13.9652,-10.7239,-11.8369,-12.3688,-13.7555,-9.22278
-25.4718,-23.3099,-30.7203,-62.6754,-54.4364,-24.8418,-37.1266,-51.2547,-32.322,-712.959,-28.4443,-129.22,-38.3759,-77.843,-54.1803,-67.1171,-40.4348,-138.621,-10.9105,-95.4787,-100.28,-9775.23,-103.572,-96.4841,-21.2759,-256.101,-23.3145,-60.8447,-126.514,-105.893,-16.1135,-100.159,-95.8481,-14.9021,-16.4161,-9.73265,-10.6009,-13.6361,-15.9619,-8.58563
-32.981,-29.3232,-43.3001,-40.1893,-36.9567,-31.7836,-58.1222,-35.302,-46.4531,-90.3326,-38.8859,-58.432,-61.7462,-45.2843,-119.635,-41.9104,-67.9187,-60.3511,-14.294,-234.312,-206.015,-103.572,-9775.23,-236.054,-19.558,-169.601,-27.0044,-161.923,-57.3826,-9775.23,-15.2581,-201.292,-239.527,-16.3589,-11.8994,-12.8609,-13.5305,-15.1775,-12.4386,-11.4939
-34.2693,-30.4269,-45.2854,-37.998,-35.0363,-33.0036,-61.0803,-33.4063,-48.557,-84.4213,-40.6626,-54.8982,-64.9307,-42.5767,-126.303,-39.4828,-71.4612,-56.5094,-17.0039,-9775.23,-153.342,-96.4841,-236.054,-9775.23,-17.3772,-157.747,-29.9033,-171.087,-53.6236,-231.873,-13.681,-152.126,-9775.23,-17.9048,-8.01175,-15.1163,-15.5616,-16.6413,-9.65738,-13.6963
-19.0029,-18.6588,-18.9163,-16.3898,-15.7926,-18.9089,-18.5876,-15.5623,-19.123,-20.4162,-18.6858,-18.627,-18.6063,-17.4952,-18.1427,-17.1903,-18.6669,-19.3692,-8.13889,-17.3916,-23.021,-21.2759,-19.558,-17.3772,-9775.23,-21.862,-11.0379,-18.111,-19.182,-19.4751,-159.174,-23.5518,-16.8638,-7.29138,-15.5704,-6.18626,-7.07747,-7.48701,-14.2039,-5.5221
-28.0861,-25.48,-34.7022,-50.5367,-45.1362,-27.2867,-43.183,-42.8135,-36.7321,-187.44,-31.834,-86.0488,-44.9835,-59.7948,-68.7005,-53.5217,-47.967,-90.4676,-11.3063,-156.083,-164.325,-256.101,-169.601,-157.747,-21.862,-9775.23,-23.4034,-80.2079,-84.6504,-173.44,-16.8893,-164.151,-156.665,-14.4193,-15.4135,-10.073,-11.0071,-13.3327,-15.0912,-8.82033
-19.1531,-17.9715,-22.0344,-23.0319,-22.8131,-18.8953,-24.6999,-22.2419,-22.5165,-23.8821,-21.1547,-23.8526,-24.9375,-22.8877,-27.8868,-22.6697,-25.2723,-23.2666,-42.7988,-29.8887,-22.6543,-23.3145,-27.0044,-29.9033,-11.0379,-23.4034,-9775.23,-28.3114,-22.8839,-27.0178,-8.90311,-21.9733,-30.5619,-51.8387,-5.55333,-16.1212,-16.01,-37.6965,-6.9841,-14.902
-43.6695,-37.8305,-62.5519,-30.7757,-28.8357,-41.5626,-95.6849,-27.619,-68.5985,-55.6841,-54.3611,-41.0874,-106.007,-33.6664,-474.344,-31.8189,-125.273,-42.0761,-17.7035,-172.803,-164.29,-60.8447,-161.923,-171.087,-18.111,-80.2079,-28.3114,-9775.23,-40.2358,-157.925,-14.9914,-163.129,-170.909,-16.1372,-7.92576,-16.6872,-17.2005,-15.3985,-9.22496,-14.9471
-20.801,-19.268,-24.2725,-126.897,-97.1818,-20.4076,-28.2521,-88.8776,-25.3357,-155.809,-22.7572,-9775.23,-28.9069,-207.951,-37.2947,-143.518,-29.9971,-1834.75,-9.85847,-53.0585,-55.2105,-126.514,-57.3826,-53.6236,-19.182,-84.6504,-22.8839,-40.2358,-9775.23,-58.6884,-13.7654,-55.0915,-53.3186,-16.3188,-19.4968,-8.95212,-9.66796,-14.5954,-18.6437,-8.02272
-32.1679,-28.5917,-42.2348,-41.0914,-37.7784,-31.0081,-56.7061,-36.1022,-45.3222,-92.3692,-37.919,-59.7453,-60.2258,-46.3115,-116.713,-42.8427,-66.2285,-61.6975,-13.9489,-230.103,-209.173,-105.893,-9775.23,-231.873,-19.4751,-173.44,-27.0178,-157.925,-58.6884,-9775.23,-15.0092,-204.381,-235.279,-16.5614,-12.317,-12.4496,-13.1266,-15.3056,-12.8114,-11.1154
-18.7318,-18.8274,-17.7488,-11.3297,-10.8628,-18.7404,-16.6378,-10.5593,-17.7242,-15.2238,-17.8674,-13.3902,-16.5852,-12.2281,-15.1844,-12.036,-16.5233,-14.0729,-8.66411,-13.7639,-18.6333,-16.1135,-15.2581,-13.681,-159.174,-16.8893,-8.90311,-14.9914,-13.7654,-15.0092,-9775.23,-19.1058,-13.2241,-2.83214,-9.0924,-6.01691,-7.12939,-4.45465,-8.64275,-5.28283
-34.2033,-30.5134,-44.4062,-37.9352,-34.7745,-32.9636,-59.0498,-33.221,-47.6337,-86.8379,-39.9327,-55.7241,-62.7274,-43.0731,-120.57,-39.8541,-69.006,-57.9331,-11.4536,-150.509,-9775.23,-100.159,-201.292,-152.126,-23.5518,-164.151,-21.9733,-163.129,-55.0915,-204.381,-19.1058,-9775.23,-150.836,-12.5809,-14.3068,-10.13,-11.3492,-11.9624,-13.9979,-8.59747
-34.1038,-30.2654,-45.1362,-37.8795,-34.9454,-32.8438,-60.9534,-33.312,-48.3977,-83.9346,-40.5214,-54.6479,-64.7963,-42.3937,-126.167,-39.3235,-71.3123,-56.2028,-17.453,-9775.23,-152.168,-95.8481,-239.527,-9775.23,-16.8638,-156.665,-30.5619,-170.909,-53.3186,-235.279,-13.2241,-150.836,-9775.23,-18.3542,-7.12715,-15.368,-15.7736,-17.0343,-9.11772,-13.9517
-10.037,-9.30563,-11.7572,-18.2759,-18.6102,-9.95867,-13.4989,-18.459,-12.1088,-15.6963,-11.1744,-17.0152,-13.5904,-17.4534,-15.7945,-17.5986,-13.7523,-16.3108,0,-17.8064,-13.0455,-14.9021,-16.3589,-17.9048,-7.29138,-14.4193,-51.8387,-16.1372,-16.3188,-16.5614,-2.83214,-12.5809,-18.3542,-9775.23,-3.53729,-8.62336,-8.77639,-127.833,-5.64318,-7.84725
-7.98306,-7.74917,-7.87579,-21.0982,-21.8004,-7.99684,-7.77737,-23.4971,-8.14833,-16.556,-7.61108,-18.1993,-7.73725,-20.8621,-7.87073,-21.547,-7.75944,-18.5792,-0.303077,-7.82094,-13.9652,-16.4161,-11.8994,-8.01175,-15.5704,-15.4135,-5.55333,-7.92576,-19.4968,-12.317,-9.0924,-14.3068,-7.12715,-3.53729,-9775.23,0,0,-3.63663,-152.401,0
-26.1871,-29.3659,-22.5294,-9.21289,-9.2318,-27.0977,-20.1323,-8.85645,-21.4428,-9.86864,-24.2398,-9.59525,-19.845,-8.99936,-17.1884,-9.061,-19.3698,-9.35827,-23.3681,-15.2966,-10.7239,-9.73265,-12.8609,-15.1163,-6.18626,-10.073,-16.1212,-16.6872,-8.95212,-12.4496,-6.01691,-10.13,-15.368,-8.62336,0,-9775.23,-986.721,-10.6724,0,-207.028
-27.3106,-30.5827,-23.3512,-9.71895,-9.69929,-28.2547,-20.7878,-9.33227,-22.2687,-10.6474,-25.0816,-10.2342,-20.4874,-9.58918,-17.7174,-9.62391,-20.0002,-10.0638,-22.7617,-15.7382,-11.8369,-10.6009,-13.5305,-15.5616,-7.07747,-11.0071,-16.01,-17.2005,-9.66796,-13.1266,-7.12939,-11.3492,-15.7736,-8.77639,0,-986.721,-9775.23,-10.5991,0,-258.406
-10.5479,-9.92225,-12.0352,-16.1267,-16.3931,-10.474,-13.4551,-16.2437,-12.295,-14.2527,-11.5771,-15.2013,-13.5236,-15.4621,-15.1709,-15.5672,-13.6377,-14.6269,-36.7042,-16.5785,-12.3688,-13.6361,-15.1775,-16.6413,-7.48701,-13.3327,-37.6965,-15.3985,-14.5954,-15.3056,-4.45465,-11.9624,-17.0343,-127.833,-3.63663,-10.6724,-10.5991,-9775.23,-5.21275,-9.97875
-8.47229,-8.20512,-8.57345,-20.3405,-21.0105,-8.47257,-8.70799,-22.2881,-8.83243,-16.1788,-8.29489,-17.718,-8.68989,-19.9352,-9.12227,-20.481,-8.73052,-17.8946,-1.26703,-9.49011,-13.7555,-15.9619,-12.4386,-9.65738,-14.2039,-15.0912,-6.9841,-9.22496,-18.6437,-12.8114,-8.64275,-13.9979,-9.11772,-5.64318,-152.401,0,0,-5.21275,-9775.23,0
-21.4606,-23.5502,-19.1979,-8.45599,-8.51197,-22.0133,-17.5427,-8.1573,-18.3435,-8.78829,-20.474,-8.67651,-17.351,-8.18217,-15.3301,-8.26922,-17.0055,-8.40473,-22.6536,-13.8626,-9.22278,-8.58563,-11.4939,-13.6963,-5.5221,-8.82033,-14.902,-14.9471,-8.02272,-11.1154,-5.28283,-8.59747,-13.9517,-7.84725,0,-207.028,-258.406,-9.97875,0,-9775.23
