-44955.8,-134.442,-12.5974,0,-12.7483,-74.5519,-7.25604,-9.1422,-8.7452,-24.7745,-12.3686,-17.4489,-31.3707,-9.53672,-38.6793,-134.745,-13.5341,-21.5201,-9.68556,-11.7033,-4.41192,-22.0922,0,-105.415
-134.442,-44955.8,-9.55386,0,-10.7583,-162.409,-5.91123,-9.61857,-6.68007,-30.2213,-10.1288,-16.6597,-39.4491,-11.268,-51.9919,-96.9666,-15.183,-24.7525,-10.529,-12.3692,-3.40789,-25.3482,0,-13.7381
-12.5974,-9.55386,-44955.8,-11.0539,-48.0646,-16.2727,-12.6713,-8.18605,-48.3258,-10.4872,-49.4731,-35.1737,-18.5524,-6.01431,-17.4848,-30.4911,-9.94393,-10.2748,-5.88973,-10.7955,-14.3467,-10.1118,-32.8766,-27.0267
0,0,-11.0539,-44955.8,-12.7285,0,-81.9912,-10.215,-15.5031,-2.72481,-11.1176,-11.9436,-4.68261,-3.92787,-4.9311,-9.15104,-6.15883,-2.41463,0,-15.0218,-25.4509,-1.80209,-9.29287,-8.55061
-12.7483,-10.7583,-48.0646,-12.7285,-44955.8,-15.9126,-15.2633,-9.0469,-124.517,-11.4017,-236.413,-45.3719,-19.3161,-6.45709,-17.4736,-23.5245,-11.3898,-10.9306,-6.62687,-12.777,-60.2392,-10.7288,-24.0607,-21.0644
-74.5519,-162.409,-16.2727,0,-15.9126,-44955.8,-9.61649,-10.8509,-11.444,-28.6988,-15.1523,-23.7651,-55.5888,-11.4273,-65.3562,-78.1869,-16.5846,-23.1618,-10.9438,-14.2155,-6.28066,-23.5444,-24.3072,-37.047
-7.25604,-5.91123,-12.6713,-81.9912,-15.2633,-9.61649,-44955.8,-31.657,-15.7984,-9.49048,-13.4614,-17.7801,-13.2829,-12.2911,-11.1036,-10.7477,-20.2899,-7.79435,-89.0175,-68.1304,-23.6539,-6.95326,-9.69945,-9.78568
-9.1422,-9.61857,-8.18605,-10.215,-9.0469,-10.8509,-31.657,-44955.8,-9.10987,-13.544,-7.78713,-12.2075,-13.9344,-24.1083,-11.5923,-7.11964,-37.8539,-11.3864,-66.7598,-48.1802,-13.2417,-9.96135,-4.49618,-6.37089
-8.7452,-6.68007,-48.3258,-15.5031,-124.517,-11.444,-15.7984,-9.10987,-44955.8,-9.01319,-171.492,-32.5565,-14.332,-6.68683,-13.3613,-20.0922,-10.107,-8.63557,-6.05789,-11.7222,-54.6279,-8.29462,-21.3029,-18.1419
-24.7745,-30.2213,-10.4872,-2.72481,-11.4017,-28.6988,-9.49048,-13.544,-9.01319,-44955.8,-10.6965,-16.093,-31.2445,-23.3552,-37.6194,-11.4943,-25.2842,-58.8682,-14.1353,-16.8631,-6.63005,-60.3921,-5.33209,-10.0927
-12.3686,-10.1288,-49.4731,-11.1176,-236.413,-15.1523,-13.4614,-7.78713,-171.492,-10.6965,-44955.8,-37.9452,-17.6691,-5.03921,-16.5052,-23.6323,-10.0213,-10.4791,-5.51335,-10.976,-80.4579,-10.3444,-24.6433,-21.5113
-17.4489,-16.6597,-35.1737,-11.9436,-45.3719,-23.7651,-17.7801,-12.2075,-32.5565,-16.093,-37.9452,-44955.8,-36.2487,-9.50973,-27.3308,-26.1821,-17.1221,-14.397,-10.0411,-19.1511,-20.2206,-14.0616,-23.864,-21.8301
-31.3707,-39.4491,-18.5524,-4.68261,-19.3161,-55.5888,-13.2829,-13.9344,-14.332,-31.2445,-17.6691,-36.2487,-44955.8,-14.5088,-104.369,-29.108,-22.9793,-24.2444,-13.4187,-19.3625,-9.30234,-24.1627,-16.4709,-21.1235
-9.53672,-11.268,-6.01431,-3.92787,-6.45709,-11.4273,-12.2911,-24.1083,-6.68683,-23.3552,-5.03921,-9.50973,-14.5088,-44955.8,-11.8233,-4.62245,-33.5779,-88.5109,-23.0121,-21.4855,-9.35322,-68.9232,-1.99002,-4.02505
-38.6793,-51.9919,-17.4848,-4.9311,-17.4736,-65.3562,-11.1036,-11.5923,-13.3613,-37.6194,-16.5052,-27.3308,-104.369,-11.8233,-44955.8,-29.555,-19.8132,-26.0045,-11.292,-16.2391,-7.56665,-26.2461,-17.9435,-22.9096
-134.745,-96.9666,-30.4911,-9.15104,-23.5245,-78.1869,-10.7477,-7.11964,-20.0922,-11.4943,-23.6323,-26.1821,-29.108,-4.62245,-29.555,-44955.8,-9.11977,-11.3161,-3.42754,-9.71736,-9.2815,-11.3053,-279.491,-107.452
-13.5341,-15.183,-9.94393,-6.15883,-11.3898,-16.5846,-20.2899,-37.8539,-10.107,-25.2842,-10.0213,-17.1221,-22.9793,-33.5779,-19.8132,-9.11977,-44955.8,-24.9464,-30.5045,-41.8525,-11.6455,-22.7064,-5.04329,-7.94427
-21.5201,-24.7525,-10.2748,-2.41463,-10.9306,-23.1618,-7.79435,-11.3864,-8.63557,-58.8682,-10.4791,-14.397,-24.2444,-88.5109,-26.0045,-11.3161,-24.9464,-44955.8,-12.6294,-15.1672,-3.97018,-44955.8,-6.5784,-10.4434
-9.68556,-10.529,-5.88973,0,-6.62687,-10.9438,-89.0175,-66.7598,-6.05789,-14.1353,-5.51335,-10.0411,-13.4187,-23.0121,-11.292,-3.42754,-30.5045,-12.6294,-44955.8,-50.3487,-9.65978,-11.4012,0,-2.22774
-11.7033,-12.3692,-10.7955,-15.0218,-12.777,-14.2155,-68.1304,-48.1802,-11.7222,-16.8631,-10.976,-19.1511,-19.3625,-21.4855,-16.2391,-9.71736,-41.8525,-15.1672,-50.3487,-44955.8,-15.832,-13.9779,-5.68402,-8.45988
-4.41192,-3.40789,-14.3467,-25.4509,-60.2392,-6.28066,-23.6539,-13.2417,-54.6279,-6.63005,-80.4579,-20.2206,-9.30234,-9.35322,-7.56665,-9.2815,-11.6455,-3.97018,-9.65978,-15.832,-44955.8,-1.79327,-7.90158,-7.89039
-22.0922,-25.3482,-10.1118,-1.80209,-10.7288,-23.5444,-6.95326,-9.96135,-8.29462,-60.3921,-10.3444,-14.0616,-24.1627,-68.9232,-26.2461,-11.3053,-22.7064,-44955.8,-11.4012,-13.9779,-1.79327,-44955.8,-6.2704,-10.4891
0,0,-32.8766,-9.29287,-24.0607,-24.3072,-9.69945,-4.49618,-21.3029,-5.33209,-24.6433,-23.864,-16.4709,-1.99002,-17.9435,-279.491,-5.04329,-6.5784,0,-5.68402,-7.90158,-6.2704,-44955.8,-166.551
-105.415,-13.7381,-27.0267,-8.55061,-21.0644,-37.047,-9.78568,-6.37089,-18.1419,-10.0927,-21.5113,-21.8301,-21.1235,-4.02505,-22.9096,-107.452,-7.94427,-10.4434,-2.22774,-8.45988,-7.89039,-10.4891,-166.551,-44955.8
