11050.9,109.52,173.248,46.5863,45.3125,17.3771,1426.77,58.4288,1386.59,18.9737,42.3923,58.9972,12.491,42.2568,245.687,47.599,68.7491,73.8224,144.182,93.1041,1422.47,1350.45,25.6303,161.708,177.392,11.341,160.089,1420.43,158.46,1385.03,1383.32,161.533,1314.31,158.281,1278.16,161.281,22.069,14.7469,203.619,14.2691,1312.83,159.651,200.39,1276.7,158.021,12.8423,1348.93,157.671,258.071,157.23,159.305,160.939,202.074,1347.26,1311.19,1205.77,160.507,1241.99,19.0181,65.8545,157.442,72.9394,56.1623,16.1924,15.6459,25.6828,14.3667,60.993,14.0687,54.6102,14.0087,12.716,159.98,30.0774,13.0849,10.1612
109.52,11050.9,298.106,32.5105,78.6793,14.9612,109.779,37.8541,109.554,23.0339,30.2261,37.9358,14.3398,30.2522,198.429,85.1287,41.5895,237.55,60.8393,49.5891,110.86,109.29,26.2237,107.551,283.096,9.04335,106.468,111.952,105.353,110.648,111.741,107.07,108.965,104.883,108.58,106.566,18.3169,16.3629,104.4,16.7547,110.058,105.473,101.855,109.673,104.379,11.3859,110.383,103.813,114.262,103.182,104.906,106,104.439,111.476,111.152,107.625,105.369,108.133,18.5563,56.3563,62.4383,239.385,49.8741,13.7176,16.5046,34.4448,11.9079,51.9012,11.7772,114.405,12.9248,15.6501,104.672,28.979,15.5517,8.74605
173.248,298.106,11050.9,36.4602,61.829,15.8981,174.236,43.307,174.041,21.0895,33.6838,43.4538,14.4647,33.6864,582.716,65.9153,48.4107,130.975,76.7859,59.5001,175.959,173.766,27.3227,169.29,4121.53,9.10992,167.577,177.69,165.803,175.773,177.505,168.361,173.398,164.896,172.936,167.408,19.6126,16.6194,165.045,15.0346,175.13,165.676,161.013,174.668,163.944,11.2565,175.499,162.889,180.546,161.73,164.621,166.354,165.17,177.231,176.863,171.723,165.196,172.378,19.6298,58.8142,79.2909,131.501,55.6316,14.1826,15.3647,31.0524,12.0602,58.8493,11.9416,82.5365,14.0348,15.1859,163.928,28.2454,14.9965,9.87051
46.5863,32.5105,36.4602,11050.9,22.6285,28.3004,46.1304,230.675,45.987,13.3347,596.689,215.441,8.96298,506.879,38.5465,23.3089,141.57,28.054,69.4876,93.0099,45.656,45.8311,21.0163,46.5252,36.0446,15.7052,46.9941,45.1894,47.4528,45.5213,45.0557,46.368,45.6492,47.2993,45.4412,46.1975,42.5184,11.2501,48.7482,10.3348,45.1836,46.6631,49.8319,44.9755,47.1288,14.7556,45.3654,46.9322,44.4903,46.7092,46.4666,46.0009,48.7463,44.8997,44.7179,44.9446,45.7779,45.2066,18.6717,36.5028,64.6762,27.5354,36.8579,26.2919,11.8791,16.1332,24.188,39.7121,22.8856,24.4213,16.0987,9.05525,45.5274,24.0239,9.69855,13.7854
45.3125,78.6793,61.829,22.6285,11050.9,12.1309,45.2123,25.1717,45.0585,33.875,21.3469,25.1296,14.9592,21.418,56.2581,1201.63,26.6149,120.107,33.523,29.8707,45.6645,44.8932,22.9921,44.7818,62.0934,7.15774,44.3231,46.1251,43.8553,45.52,45.9816,44.6375,44.7022,43.7144,44.485,44.4793,14.4584,16.4107,43.1839,24.5857,45.1637,44.0177,42.1098,44.9465,43.5561,10.2598,45.3548,43.3721,47.3919,43.162,43.8337,44.2953,43.1781,45.8163,45.6253,43.9704,44.0852,44.2414,15.7225,39.0318,34.0026,116.212,33.1791,11.5408,18.5032,62.3464,10.1824,32.9792,10.112,240.954,10.0557,20.4074,43.8481,26.7537,19.7758,5.9248
17.3771,14.9612,15.8981,28.3004,12.1309,11050.9,17.6337,24.8519,17.6975,8.13227,30.3432,24.8232,6.49976,30.3957,16.2089,12.4051,23.5139,13.7726,19.6516,21.1292,17.4593,17.7444,14.9111,16.7096,15.6482,12.5673,16.8928,17.2808,17.0628,17.5184,17.3394,16.5187,17.7816,16.8767,17.8091,16.3314,90.864,8.50202,18.1397,4.81925,17.6026,16.5105,18.5563,17.6301,16.6895,10.9435,17.5654,16.4893,16.4078,16.2757,16.3103,16.1313,18.1861,17.3863,17.4235,17.8352,15.9178,17.827,17.1307,14.7637,18.0676,14.1168,18.7346,685.616,5.65086,10.68,389.504,19.6405,352.965,13.4131,18.4612,7.83432,15.6896,11.8343,7.88856,18.957
1426.77,109.779,174.236,46.1304,45.2123,17.6337,11050.9,57.7438,11050.9,18.5105,41.9702,58.1693,14.0261,41.8744,247.216,47.5108,67.7375,73.9982,141.481,91.4221,11050.9,11050.9,27.9939,155.296,178.49,9.63221,153.718,11050.9,152.072,11050.9,11050.9,154.303,11050.9,151.103,11050.9,153.297,22.1873,16.3587,235.407,12.9792,11050.9,151.697,231.236,11050.9,150.097,11.391,11050.9,148.995,212.159,147.794,150.595,152.195,233.981,11050.9,11050.9,11050.9,150.995,11050.9,20.7862,59.6141,152.415,74.2981,61.3813,15.3357,13.9539,26.4304,12.8019,66.5571,12.6609,55.8421,15.5086,14.0621,149.69,27.223,13.9067,11.5518
58.4288,37.8541,43.307,230.675,25.1717,24.8519,57.7438,11050.9,57.5314,14.3143,164.072,1778.71,9.07945,157.577,46.3878,25.9827,351.265,32.025,98.7567,154.718,57.1447,57.3058,21.4085,58.5092,42.8812,15.8591,59.0951,56.5573,59.6705,56.945,56.3586,58.3432,57.0469,59.5075,56.7543,58.1584,35.6267,11.3615,61.1589,11.3344,56.4598,58.7402,62.5187,56.1667,59.322,15.1841,56.719,59.1045,55.8406,58.8546,58.5231,57.9416,61.1454,56.1323,55.8726,56.0646,57.6925,56.4272,18.2356,42.9211,90.438,31.26,40.5651,23.7508,13.2312,17.1879,22.049,44.0549,21.0186,27.2239,15.0984,9.03421,57.4099,26.4867,9.88092,12.3508
1386.59,109.554,174.041,45.987,45.0585,17.6975,11050.9,57.5314,11050.9,18.3241,41.8374,57.9167,14.4373,41.753,246.968,47.3553,67.4296,73.8428,140.67,90.9165,11050.9,11050.9,28.6465,154.287,178.304,9.18002,152.711,11050.9,151.06,11050.9,11050.9,153.178,11050.9,149.978,11050.9,152.066,22.2121,16.7949,239.04,12.5358,11050.9,150.466,234.799,11050.9,148.866,10.9984,11050.9,147.654,207.494,146.341,149.254,150.854,237.644,11050.9,11050.9,11050.9,149.541,11050.9,21.2813,57.8788,150.926,74.4672,62.8329,15.0806,13.4718,26.5619,12.3179,68.1081,12.2281,56.027,15.9374,14.364,148.12,26.4275,14.0841,11.9599
18.9737,23.0339,21.0895,13.3347,33.875,8.13227,18.5105,14.3143,18.3241,11050.9,12.7685,14.2475,12.0635,12.8214,20.4889,32.5959,14.6605,26.084,16.6619,15.7821,18.6936,18.143,14.2194,19.3241,21.3849,5.21112,19.1277,18.8875,18.9352,18.5193,18.7145,19.3724,17.9485,18.9821,17.7404,19.4055,9.54167,12.5827,18.1378,215.981,18.1437,19.2103,17.6836,17.9355,19.0152,8.68969,18.3381,19.0377,20.0045,19.0498,19.2329,19.428,18.0914,18.5333,18.3388,17.2806,19.4401,17.518,9.55675,20.4524,17.1907,24.3758,15.6605,9.1076,19.9129,61.0864,8.66374,15.2254,8.59216,26.7181,5.47029,61.9027,19.4416,19.6915,45.9218,2.73545
42.3923,30.2261,33.6838,596.689,21.3469,30.3432,41.9702,164.072,41.8374,12.7685,11050.9,156.356,8.43681,3251.77,35.4648,21.9776,113.008,26.2323,61.2449,79.1538,41.5298,41.693,20.3214,42.3338,33.268,16.0636,42.7692,41.0965,43.1951,41.4051,40.9727,42.1874,41.5244,43.0522,41.3316,42.0288,46.6804,10.7457,44.3995,9.86058,41.0921,42.4612,45.4057,40.8992,42.8936,14.8526,41.2606,42.7107,40.4456,42.5033,42.2783,41.846,44.3979,40.8282,40.6597,40.8712,41.6386,41.1141,18.4623,34.0264,57.209,25.7342,34.7587,28.1616,11.2891,15.3627,26.0942,37.3971,24.5642,22.9435,16.2396,8.62735,41.4056,23.0629,9.29444,14.1933
58.9972,37.9358,43.4538,215.441,25.1296,24.8232,58.1693,1778.71,57.9167,14.2475,156.356,11050.9,8.95541,150.475,46.5891,25.9463,402.009,32.0319,101.537,162.822,57.557,57.6542,21.2361,59.2636,43.0207,15.9989,59.8628,56.9587,60.4538,57.3201,56.7235,59.1293,57.3578,60.3224,57.0268,58.9727,35.4464,11.2489,61.8047,11.268,56.7612,59.5692,63.193,56.4302,60.1658,15.2691,57.0576,59.9764,56.4015,59.7539,59.3799,58.7833,61.7763,56.461,56.1646,56.2585,58.5609,56.6608,18.125,43.5506,93.1938,31.1933,40.189,23.8671,13.1928,17.0753,22.2427,43.6575,21.1938,27.1244,15.0495,8.91835,58.3042,26.6829,9.78234,12.3695
12.491,14.3398,14.4647,8.96298,14.9592,6.49976,14.0261,9.07945,14.4373,12.0635,8.43681,8.95541,11050.9,8.63792,14.3842,14.9049,9.08137,15.0272,9.56952,9.26057,14.1763,14.807,36.4156,10.3076,14.6994,0,10.1878,14.2986,10.0355,14.5598,14.6791,9.90254,15.1767,9.64106,15.5464,9.53284,7.2971,277.159,11.6409,6.00301,15.2992,9.40382,11.3005,15.6689,9.27136,0,14.9295,8.90166,12.4722,8.5318,9.03412,9.16315,11.8002,15.0488,15.4185,16.2863,8.79345,15.9161,54.635,10.2553,7.96676,17.9238,16.6034,3.21236,8.23515,20.4399,1.41845,14.7497,1.63905,19.0264,0,22.3211,8.42264,8.70202,19.8968,0
42.2568,30.2522,33.6864,506.879,21.418,30.3957,41.8744,157.577,41.753,12.8214,3251.77,150.475,8.63792,11050.9,35.4488,22.0463,110.208,26.2893,60.6482,77.9475,41.4405,41.6191,20.5192,42.1505,33.2763,15.8514,42.5803,41.0131,43,41.3264,40.8997,41.9966,41.4616,42.8498,41.2803,41.8312,46.9585,10.9342,44.232,9.87163,41.035,42.2579,45.2247,40.8536,42.6845,14.7056,41.1925,42.4952,40.3235,42.2815,42.0686,41.6419,44.234,40.7659,40.6084,40.8442,41.4283,41.0747,18.6285,33.8467,56.6428,25.8354,34.9197,28.022,11.2825,15.4927,25.8271,37.5341,24.3164,23.0638,16.3781,8.8134,41.1893,22.9455,9.43352,14.3082
245.687,198.429,582.716,38.5465,56.2581,16.2089,247.216,46.3878,246.968,20.4889,35.4648,46.5891,14.3842,35.4488,11050.9,59.6467,52.4519,107.39,88.1906,65.8605,249.687,246.603,27.4768,239.851,666.4,9.14864,237.398,252.168,234.853,249.45,251.932,238.487,246.104,233.522,245.47,237.091,20.1165,16.5621,233.915,14.6383,248.586,234.609,228.139,247.952,232.126,11.2774,249.085,230.584,256.102,228.892,233.066,235.549,234.106,251.567,251.068,243.791,233.858,244.7,19.8619,59.9994,91.7791,107.675,57.4926,14.3836,15.1224,29.7601,12.1724,61.3081,12.0489,72.7768,14.2898,14.9487,232.008,28.1525,14.7743,10.0924
47.599,85.1287,65.9153,23.3089,1201.63,12.4051,47.5108,25.9827,47.3553,32.5959,21.9776,25.9463,14.9049,22.0463,59.6467,11050.9,27.5251,134.664,34.8817,30.9683,47.9813,47.1876,23.3247,47.0244,66.1285,7.44925,46.5476,48.4602,46.0609,47.8352,48.3152,46.87,46.9931,45.9101,46.7715,46.7013,14.8026,16.4229,45.3831,23.6395,47.473,46.2214,44.2663,47.2513,45.7415,10.4403,47.6675,45.546,49.7552,45.3233,46.0259,46.5059,45.3788,48.1474,47.9529,46.245,46.2833,46.5224,16.0043,40.2845,35.3912,130.254,34.3314,11.7742,18.3906,58.6723,10.3928,34.2156,10.3155,307.436,10.3569,19.7725,46.0324,27.0812,19.2363,6.26016
68.7491,41.5895,48.4107,141.57,26.6149,23.5139,67.7375,351.265,67.4296,14.6605,113.008,402.009,9.08137,110.208,52.4519,27.5251,11050.9,34.5926,134.589,272.999,67.0158,67.1111,21.601,69.1142,47.9836,15.7932,69.8196,66.3111,70.516,66.7271,66.0246,68.966,66.7524,70.3711,66.3529,68.7907,32.8062,11.4096,72.0608,11.5819,66.0498,69.4932,73.6957,65.6503,70.1958,15.2495,66.4085,69.982,65.7058,69.7293,69.2795,68.5769,72.0236,65.706,65.3473,65.428,68.3243,65.9119,18.0955,47.4853,121.125,33.6501,42.4306,22.7348,13.6314,17.6784,21.1845,46.2718,20.2653,28.9077,14.8017,9.01142,68.0315,27.6979,9.91816,12.0019
73.8224,237.55,130.975,28.054,120.107,13.7726,73.9982,32.025,73.8428,26.084,26.2323,32.0319,15.0272,26.2893,107.39,134.664,34.5926,11050.9,47.2539,40.134,74.7414,73.6598,25.6157,72.4723,129.333,7.92289,71.7272,75.4924,70.9603,74.5948,75.3468,72.142,73.4358,70.6379,73.1702,71.796,16.6638,16.8338,70.3013,18.8825,74.1878,71.044,68.5513,73.9222,70.292,10.69,74.4119,69.903,77.085,69.4701,70.655,71.4071,70.3282,75.1639,74.9398,72.5121,70.9744,72.8626,17.8067,49.3083,48.066,11050.9,43.8964,12.6253,17.0659,41.2297,10.8879,44.7399,10.8075,227.659,11.9605,17.5474,70.4957,28.0473,17.166,7.59879
144.182,60.8393,76.7859,69.4876,33.523,19.6516,141.481,98.7567,140.67,16.6619,61.2449,101.537,9.56952,60.6482,88.1906,34.8817,134.589,47.2539,11050.9,265.796,139.952,139.851,22.1322,145.747,76.661,15.1358,147.228,138.468,148.701,139.192,137.714,145.588,138.945,148.545,137.95,145.36,26.1149,11.8592,151.24,13.351,137.466,146.838,154.68,136.471,148.317,15.3238,138.373,148.009,137.986,147.62,146.53,145.052,151.101,136.894,135.988,135.685,144.663,136.864,17.3742,63.679,1544.2,45.6565,47.8912,19.6118,15.8664,20.3022,18.3966,52.6651,17.7499,37.1974,13.3514,9.34184,144.191,31.5901,10.5223,10.0708
93.1041,49.5891,59.5001,93.0099,29.8707,21.1292,91.4221,154.718,90.9165,15.7821,79.1538,162.822,9.26057,77.9475,65.8605,30.9683,272.999,40.134,265.796,11050.9,90.4457,90.4044,21.6607,94.0432,59.1389,15.7092,94.9896,89.4977,95.9301,89.9719,89.0274,93.9303,89.837,95.8194,89.2132,93.7739,28.7747,11.5288,97.6061,12.6897,88.8924,94.7184,99.8041,88.2685,95.663,15.5217,89.4598,95.4553,89.1297,95.1961,94.5108,93.5663,97.5221,88.5153,87.9479,87.7907,93.3072,88.5319,17.4876,56.0346,223.535,38.8025,44.9856,20.981,15.0964,18.9331,19.7065,49.3368,18.9271,32.5776,13.758,9.05029,92.9951,30.2066,10.1748,10.6156
1422.47,110.86,175.959,45.656,45.6645,17.4593,11050.9,57.1447,11050.9,18.6936,41.5298,57.557,14.1763,41.4405,249.687,47.9813,67.0158,74.7414,139.952,90.4457,11050.9,11050.9,28.0636,153.632,180.292,9.4122,152.053,11050.9,150.407,11050.9,11050.9,152.631,11050.9,149.431,11050.9,151.618,21.9664,16.4799,233.867,13.1304,11050.9,150.018,229.664,11050.9,148.418,11.278,11050.9,147.309,210.434,146.1,148.909,150.509,232.455,11050.9,11050.9,11050.9,149.301,11050.9,20.7806,59.5244,150.686,75.0682,61.4456,15.1436,14.0258,26.7079,12.5868,66.5966,12.4587,56.4218,15.4296,14.2557,147.988,27.1972,14.0716,11.3863
1350.45,109.29,173.766,45.8311,44.8932,17.7444,11050.9,57.3058,11050.9,18.143,41.693,57.6542,14.807,41.6191,246.603,47.1876,67.1111,73.6598,139.851,90.4044,11050.9,11050.9,29.2333,153.28,178.033,8.77346,151.706,11050.9,150.05,11050.9,11050.9,152.066,11050.9,148.866,11050.9,150.854,22.2218,17.187,242.24,12.1089,11050.9,149.254,237.937,11050.9,147.654,10.6454,11050.9,146.341,203.235,144.924,147.941,149.541,240.871,11050.9,11050.9,11050.9,148.125,11050.9,21.7264,56.3187,149.475,74.576,64.1381,14.836,13.0384,26.6643,11.8507,69.5027,11.8113,56.1605,16.3228,14.6187,146.597,25.7122,14.2325,12.3269
25.6303,26.2237,27.3227,21.0163,22.9921,14.9111,27.9939,21.4085,28.6465,14.2194,20.3214,21.2361,36.4156,20.5192,27.4768,23.3247,21.601,25.6157,22.1322,21.6607,28.0636,29.2333,11050.9,22.2634,27.4012,5.39885,22.2473,28.0915,22.1825,28.6723,28.6954,21.6206,29.82,21.5564,30.4068,21.0339,16.8365,46.4389,25.1045,8.81176,29.8458,21.003,25.0043,30.4326,20.9696,7.47573,29.259,20.3829,24.8574,19.7959,20.4163,20.4471,25.3572,29.2822,29.8689,31.5811,19.8604,30.9935,75.3843,18.2532,19.2425,29.4781,46.496,9.635,9.74417,23.8075,6.90719,42.9135,7.10571,29.3194,36.1755,19.007,19.2719,13.8237,16.8456,19.7021
161.708,107.551,169.29,46.5252,44.7818,16.7096,155.296,58.5092,154.287,19.3241,42.3338,59.2636,10.3076,42.1505,239.851,47.0244,69.1142,72.4723,145.747,94.0432,153.632,153.28,22.2634,11050.9,173.16,13.7675,11050.9,152.025,11050.9,152.687,151.087,11050.9,152.176,11050.9,150.974,11050.9,21.5464,12.4533,213.875,15.62,150.576,11050.9,217.15,149.374,11050.9,14.9061,151.68,11050.9,234.037,11050.9,11050.9,11050.9,212.089,150.08,148.976,148.263,11050.9,149.671,16.4975,74.7429,161.932,69.8233,48.7253,17.0785,18.059,24.1626,16.0527,53.0633,15.5876,51.947,11.8677,10.133,11050.9,34.1435,11.543,8.17237
177.392,283.096,4121.53,36.0446,62.0934,15.6482,178.49,42.8812,178.304,21.3849,33.268,43.0207,14.6994,33.2763,666.4,66.1285,47.9836,129.333,76.661,59.1389,180.292,178.033,27.4012,173.16,11050.9,8.69405,171.371,182.101,169.515,180.114,181.925,172.17,177.665,168.549,177.198,171.157,19.319,16.8017,168.809,15.2935,179.476,169.346,164.596,179.009,167.536,11.0324,179.844,166.416,184.994,165.187,168.226,170.037,168.946,181.654,181.286,175.965,168.808,176.632,19.6092,58.4804,79.1673,129.908,55.7009,13.888,15.4252,31.4671,11.718,58.9137,11.6181,82.5454,13.8889,15.5514,167.464,28.098,15.3003,9.55559
11.341,9.04335,9.10992,15.7052,7.15774,12.5673,9.63221,15.8591,9.18002,5.21112,16.0636,15.9989,0,15.8514,9.14864,7.44925,15.7932,7.92289,15.1358,15.7092,9.4122,8.77346,5.39885,13.7675,8.69405,11050.9,13.9362,9.21363,14.1319,8.99044,8.79517,14.2129,8.3669,14.5658,7.96034,14.6194,14.1485,0,12.3975,3.41827,8.17733,14.7984,12.763,7.77068,14.9723,113.901,8.58388,15.3789,11.0605,15.7856,15.2049,15.026,12.2223,8.38861,7.98204,7.14664,15.4326,7.55377,7.4072,14.5818,17.2499,5.78609,9.23671,21.3543,0,3.29813,24.0997,10.2145,23.4266,5.03076,7.98995,0,15.8404,22.2913,0.928141,7.93387
160.089,106.468,167.577,46.9941,44.3231,16.8928,153.718,59.0951,152.711,19.1277,42.7692,59.8628,10.1878,42.5803,237.398,46.5476,69.8196,71.7272,147.228,94.9896,152.053,151.706,22.2473,11050.9,171.371,13.9362,11050.9,150.447,11050.9,151.111,149.511,11050.9,150.605,11050.9,149.405,11050.9,21.7733,12.3663,212.552,15.4346,149.005,11050.9,215.855,147.805,11050.9,14.9794,150.106,11050.9,232.18,11050.9,11050.9,11050.9,210.778,148.506,147.405,146.699,11050.9,148.105,16.5436,74.6635,163.555,69.0812,48.7801,17.2512,17.9382,23.9018,16.2305,53.151,15.7565,51.3938,11.9797,9.97361,11050.9,34.0917,11.398,8.36283
1420.43,111.952,177.69,45.1894,46.1251,17.2808,11050.9,56.5573,11050.9,18.8875,41.0965,56.9587,14.2986,41.0131,252.168,48.4602,66.3111,75.4924,138.468,89.4977,11050.9,11050.9,28.0915,152.025,182.101,9.21363,150.447,11050.9,148.8,11050.9,11050.9,151.023,11050.9,147.823,11050.9,150.01,21.7436,16.5724,232.095,13.3074,11050.9,148.41,227.865,11050.9,146.81,11.1863,11050.9,145.699,208.976,144.49,147.3,148.9,230.695,11050.9,11050.9,11050.9,147.691,11050.9,20.7432,59.5321,149.042,75.8267,61.4171,14.9664,14.1238,26.9769,12.3998,66.5368,12.2816,56.9892,15.322,14.4306,146.377,27.216,14.2255,11.1899
158.46,105.353,165.803,47.4528,43.8553,17.0628,152.072,59.6705,151.06,18.9352,43.1951,60.4538,10.0355,43,234.853,46.0609,70.516,70.9603,148.701,95.9301,150.407,150.05,22.1825,11050.9,169.515,14.1319,11050.9,148.8,11050.9,149.46,147.86,11050.9,148.943,11050.9,147.738,11050.9,21.9882,12.2458,210.895,15.2659,147.343,11050.9,214.221,146.138,11050.9,15.0781,148.45,11050.9,230.571,11050.9,11050.9,11050.9,209.131,146.85,145.743,145.021,11050.9,146.432,16.5527,74.6999,165.208,68.2919,48.7268,17.4324,17.8484,23.6182,16.4265,53.1232,15.9416,50.8004,12.0589,9.77255,11050.9,34.093,11.2293,8.51907
1385.03,110.648,175.773,45.5213,45.52,17.5184,11050.9,56.945,11050.9,18.5193,41.4051,57.3201,14.5598,41.3264,249.45,47.8352,66.7271,74.5948,139.192,89.9719,11050.9,11050.9,28.6723,152.687,180.114,8.99044,151.111,11050.9,149.46,11050.9,11050.9,151.578,11050.9,148.378,11050.9,150.466,21.9891,16.8867,237.225,12.7159,11050.9,148.866,232.958,11050.9,147.266,10.9118,11050.9,146.054,206.109,144.741,147.654,149.254,235.841,11050.9,11050.9,11050.9,147.941,11050.9,21.2423,57.9059,149.293,75.2243,62.7995,14.9052,13.5761,26.83,12.1343,68.0432,12.054,56.593,15.8295,14.5367,146.52,26.4552,14.2367,11.767
1383.32,111.741,177.505,45.0557,45.9816,17.3394,11050.9,56.3586,11050.9,18.7145,40.9727,56.7235,14.6791,40.8997,251.932,48.3152,66.0246,75.3468,137.714,89.0274,11050.9,11050.9,28.6954,151.087,181.925,8.79517,149.511,11050.9,147.86,11050.9,11050.9,149.978,11050.9,146.778,11050.9,148.866,21.766,16.976,235.399,12.896,11050.9,147.266,231.105,11050.9,145.666,10.8229,11050.9,144.454,204.712,143.141,146.054,147.654,234.026,11050.9,11050.9,11050.9,146.341,11050.9,21.2014,57.9262,147.66,75.9814,62.7605,14.7298,13.6777,27.098,11.9507,67.9722,11.88,57.159,15.7188,14.7093,144.92,26.4798,14.3892,11.5676
161.533,107.07,168.361,46.368,44.6375,16.5187,154.303,58.3432,153.178,19.3724,42.1874,59.1293,9.90254,41.9966,238.487,46.87,68.966,72.142,145.588,93.9303,152.631,152.066,21.6206,11050.9,172.17,14.2129,11050.9,151.023,11050.9,151.578,149.978,11050.9,150.854,11050.9,149.541,11050.9,21.3726,12.0237,209.31,15.8446,149.254,11050.9,212.516,147.941,11050.9,15.2929,150.466,11050.9,237.643,11050.9,11050.9,11050.9,207.494,148.866,147.654,146.599,11050.9,148.125,16.0099,76.4522,162.278,69.136,47.2954,17.1891,18.5339,23.8317,16.2976,51.5356,15.8068,51.3638,11.4454,9.52509,11050.9,34.9271,11.2016,7.77033
1314.31,108.965,173.398,45.6492,44.7022,17.7816,11050.9,57.0469,11050.9,17.9485,41.5244,57.3578,15.1767,41.4616,246.104,46.9931,66.7524,73.4358,138.945,89.837,11050.9,11050.9,29.82,152.176,177.665,8.3669,150.605,11050.9,148.943,11050.9,11050.9,150.854,11050.9,147.654,11050.9,149.541,22.2195,17.5792,245.378,11.6523,11050.9,147.941,241.011,11050.9,146.341,10.2923,11050.9,144.925,198.912,143.401,146.525,148.125,244.036,11050.9,11050.9,11050.9,146.602,11050.9,22.1715,54.7585,147.916,74.644,65.4432,14.576,12.6049,26.7518,11.3494,70.8972,11.3652,56.2633,16.7083,14.8584,144.963,24.9969,14.3705,12.6939
158.281,104.883,164.896,47.2993,43.7144,16.8767,151.103,59.5075,149.978,18.9821,43.0522,60.3224,9.64106,42.8498,233.522,45.9101,70.3711,70.6379,148.545,95.8194,149.431,148.866,21.5564,11050.9,168.549,14.5658,11050.9,147.823,11050.9,148.378,146.778,11050.9,147.654,11050.9,146.341,11050.9,21.8187,11.8274,206.504,15.4844,146.054,11050.9,209.764,144.741,11050.9,15.4548,147.266,11050.9,234.026,11050.9,11050.9,11050.9,204.712,145.666,144.454,143.399,11050.9,144.925,16.0777,76.3646,165.543,67.6218,47.3342,17.54,18.3109,23.2956,16.6648,51.6351,16.1549,50.2318,11.6476,9.17977,11050.9,34.8562,10.8965,8.12749
1278.16,108.58,172.936,45.4412,44.485,17.8091,11050.9,56.7543,11050.9,17.7404,41.3316,57.0268,15.5464,41.2803,245.47,46.7715,66.3529,73.1702,137.95,89.2132,11050.9,11050.9,30.4068,150.974,177.198,7.96034,149.405,11050.9,147.738,11050.9,11050.9,149.541,11050.9,146.341,11050.9,148.125,22.2052,17.9713,248.452,11.1625,11050.9,146.525,244.022,11050.9,144.925,9.93931,11050.9,143.402,194.527,141.768,145.002,146.602,247.138,11050.9,11050.9,11050.9,144.969,11050.9,22.6166,53.1983,146.244,74.6714,66.7483,14.2999,12.1715,26.8245,10.8095,72.2917,10.8864,56.3356,17.0937,15.0839,143.216,24.2817,14.4986,13.0608
161.281,106.566,167.408,46.1975,44.4793,16.3314,153.297,58.1584,152.066,19.4055,42.0288,58.9727,9.53284,41.8312,237.091,46.7013,68.7907,71.796,145.36,93.7739,151.618,150.854,21.0339,11050.9,171.157,14.6194,11050.9,150.01,11050.9,150.466,148.866,11050.9,149.541,11050.9,148.125,11050.9,21.1994,11.6315,205.077,16.0358,147.941,11050.9,208.22,146.525,11050.9,15.6459,149.254,11050.9,240.871,11050.9,11050.9,11050.9,203.235,147.654,146.341,144.966,11050.9,146.602,15.5648,78.0124,162.501,68.4571,45.9903,17.2794,18.9673,23.5085,16.5066,50.141,15.9936,50.791,11.06,8.91731,11050.9,35.6424,10.8688,7.40337
22.069,18.3169,19.6126,42.5184,14.4584,90.864,22.1873,35.6267,22.2121,9.54167,46.6804,35.4464,7.2971,46.9585,20.1165,14.8026,32.8062,16.6638,26.1149,28.7747,21.9664,22.2218,16.8365,21.5464,19.319,14.1485,21.7733,21.7436,21.9882,21.9891,21.766,21.3726,22.2195,21.8187,22.2052,21.1994,11050.9,9.40761,23.0516,6.52438,21.9964,21.4225,23.5706,21.9821,21.6455,12.4557,21.9987,21.4581,20.9388,21.256,21.2351,21.012,23.0871,21.7757,21.7733,22.1405,20.81,22.1789,18.0662,18.7971,24.3497,16.8045,22.6822,69.9476,7.20727,12.002,67.143,23.9067,53.9663,15.7256,18.3751,8.18538,20.5924,14.7402,8.38737,18.1502
14.7469,16.3629,16.6194,11.2501,16.4107,8.50202,16.3587,11.3615,16.7949,12.5827,10.7457,11.2489,277.159,10.9342,16.5621,16.4229,11.4096,16.8338,11.8592,11.5288,16.4799,17.187,46.4389,12.4533,16.8017,0,12.3663,16.5724,12.2458,16.8867,16.976,12.0237,17.5792,11.8274,17.9713,11.6315,9.40761,11050.9,14.0369,6.91274,17.671,11.5347,13.7818,18.0632,11.4352,1.55024,17.2788,11.0431,14.5608,10.6507,11.1425,11.2393,14.2058,17.3682,17.7603,18.7562,10.8472,18.3635,103.729,11.8031,10.0754,19.7962,20.4858,4.57341,8.5638,21.0798,2.58515,18.6953,2.79686,20.716,0,21.8029,10.4538,9.78535,19.3483,0
203.619,104.4,165.045,48.7482,43.1839,18.1397,235.407,61.1589,239.04,18.1378,44.3995,61.8047,11.6409,44.232,233.915,45.3831,72.0608,70.3013,151.24,97.6061,233.867,242.24,25.1045,213.875,168.809,12.3975,212.552,232.095,210.895,237.225,235.399,209.31,245.378,206.504,248.452,205.077,23.0516,14.0369,11050.9,13.6199,243.509,203.707,11050.9,246.557,202.325,13.4315,240.399,198.084,157.137,193.778,199.439,200.782,11050.9,238.546,241.629,254.414,196.423,251.463,18.8893,66.6069,165.547,69.2069,55.4144,17.1097,15.3907,24.3181,15.4188,60.3285,15.0563,51.785,14.2265,11.6869,191.988,30.3508,12.2415,10.7413
14.2691,16.7547,15.0346,10.3348,24.5857,4.81925,12.9792,11.3344,12.5358,215.981,9.86058,11.268,6.00301,9.87163,14.6383,23.6395,11.5819,18.8825,13.351,12.6897,13.1304,12.1089,8.81176,15.62,15.2935,3.41827,15.4346,13.3074,15.2659,12.7159,12.896,15.8446,11.6523,15.4844,11.1625,16.0358,6.52438,6.91274,13.6199,11050.9,11.8324,15.8557,13.2008,11.3425,15.6756,8.87439,12.289,15.8542,15.506,16.0207,16.0343,16.2144,13.4934,12.4691,12.0125,10.0633,16.3808,10.635,5.3892,17.7624,14.598,15.0017,10.2093,8.49619,22.4296,25.5083,8.78154,10.0462,8.64143,15.1316,2.29373,0,16.5358,19.435,0,0.18582
1312.83,110.058,175.13,45.1836,45.1637,17.6026,11050.9,56.4598,11050.9,18.1437,41.0921,56.7612,15.2992,41.035,248.586,47.473,66.0498,74.1878,137.466,88.8924,11050.9,11050.9,29.8458,150.576,179.476,8.17733,149.005,11050.9,147.343,11050.9,11050.9,149.254,11050.9,146.054,11050.9,147.941,21.9964,17.671,243.509,11.8324,11050.9,146.341,239.115,11050.9,144.741,10.2058,11050.9,143.325,197.581,141.801,144.925,146.525,242.179,11050.9,11050.9,11050.9,145.002,11050.9,22.1325,54.7855,146.283,75.4012,65.4098,14.4006,12.7092,27.0198,11.1659,70.8323,11.1911,56.8293,16.6004,15.0311,143.363,25.0246,14.5231,12.5009
159.651,105.473,165.676,46.6631,44.0177,16.5105,151.697,58.7402,150.466,19.2103,42.4612,59.5692,9.40382,42.2579,234.609,46.2214,69.4932,71.044,146.838,94.7184,150.018,149.254,21.003,11050.9,169.346,14.7984,11050.9,148.41,11050.9,148.866,147.266,11050.9,147.941,11050.9,146.525,11050.9,21.4225,11.5347,203.707,15.8557,146.341,11050.9,206.877,144.925,11050.9,15.728,147.654,11050.9,239.041,11050.9,11050.9,11050.9,201.876,146.054,144.741,143.366,11050.9,145.002,15.5997,77.972,164.134,67.6999,46.0125,17.4548,18.8573,23.2405,16.6902,50.1938,16.1676,50.2249,11.1624,8.74465,11050.9,35.6085,10.7162,7.58465
200.39,101.855,161.013,49.8319,42.1098,18.5563,231.236,62.5187,234.799,17.6836,45.4057,63.193,11.3005,45.2247,228.139,44.2663,73.6957,68.5513,154.68,99.8041,229.664,237.937,25.0043,217.15,164.596,12.763,215.855,227.865,214.221,232.958,231.105,212.516,241.011,209.764,244.022,208.22,23.5706,13.7818,11050.9,13.2008,239.115,206.877,11050.9,242.099,205.523,13.5991,236.068,201.218,156.755,196.849,202.546,203.862,11050.9,234.188,237.208,249.854,199.44,246.969,18.9488,66.4386,169.347,67.445,55.4047,17.518,15.1011,23.6943,15.846,60.3854,15.4614,50.4679,14.4368,11.2851,194.939,30.2373,11.8865,11.1088
1276.7,109.673,174.668,44.9755,44.9465,17.6301,11050.9,56.1667,11050.9,17.9355,40.8992,56.4302,15.6689,40.8536,247.952,47.2513,65.6503,73.9222,136.471,88.2685,11050.9,11050.9,30.4326,149.374,179.009,7.77068,147.805,11050.9,146.138,11050.9,11050.9,147.941,11050.9,144.741,11050.9,146.525,21.9821,18.0632,246.557,11.3425,11050.9,144.925,242.099,11050.9,143.325,9.85267,11050.9,141.801,193.222,140.167,143.401,145.001,245.254,11050.9,11050.9,11050.9,143.368,11050.9,22.5777,53.225,144.61,75.4286,66.7152,14.1244,12.2757,27.0926,10.6258,72.2271,10.7123,56.9016,16.9859,15.2566,141.616,24.3092,14.6512,12.8679
158.021,104.379,163.944,47.1288,43.5561,16.6895,150.097,59.322,148.866,19.0152,42.8936,60.1658,9.27136,42.6845,232.126,45.7415,70.1958,70.292,148.317,95.663,148.418,147.654,20.9696,11050.9,167.536,14.9723,11050.9,146.81,11050.9,147.266,145.666,11050.9,146.341,11050.9,144.925,11050.9,21.6455,11.4352,202.325,15.6756,144.741,11050.9,205.523,143.325,11050.9,15.8078,146.054,11050.9,237.199,11050.9,11050.9,11050.9,200.506,144.454,143.141,141.766,11050.9,143.402,15.6327,77.9248,165.767,66.9428,46.0291,17.6303,18.7444,22.9724,16.8738,50.2406,16.3417,49.6589,11.2621,8.572,11050.9,35.5715,10.5637,7.76053
12.8423,11.3859,11.2565,14.7556,10.2598,10.9435,11.391,15.1841,10.9984,8.68969,14.8526,15.2691,0,14.7056,11.2774,10.4403,15.2495,10.69,15.3238,15.5217,11.278,10.6454,7.47573,14.9061,11.0324,113.901,14.9794,11.1863,15.0781,10.9118,10.8229,15.2929,10.2923,15.4548,9.93931,15.6459,12.4557,1.55024,13.4315,8.87439,10.2058,15.728,13.5991,9.85267,15.8078,11050.9,10.5588,16.1609,12.9653,16.5141,16.081,15.999,13.2795,10.4699,10.1169,9.23276,16.352,9.58628,7.89262,16.5004,17.1872,8.524,10.3567,18.1519,15.1564,5.83544,20.5232,11.008,19.9613,7.74738,7.65502,1.61038,16.7061,24.2002,2.85528,7.17571
1348.93,110.383,175.499,45.3654,45.3548,17.5654,11050.9,56.719,11050.9,18.3381,41.2606,57.0576,14.9295,41.1925,249.085,47.6675,66.4085,74.4119,138.373,89.4598,11050.9,11050.9,29.259,151.68,179.844,8.58388,150.106,11050.9,148.45,11050.9,11050.9,150.466,11050.9,147.266,11050.9,149.254,21.9987,17.2788,240.399,12.289,11050.9,147.654,236.068,11050.9,146.054,10.5588,11050.9,144.741,201.876,143.324,146.341,147.941,239.041,11050.9,11050.9,11050.9,146.525,11050.9,21.6874,56.3457,147.842,75.3331,64.1047,14.6605,13.1427,26.9323,11.6671,69.4377,11.6372,56.7265,16.2149,14.7914,144.997,25.7399,14.385,12.1339
157.671,103.813,162.889,46.9322,43.3721,16.4893,148.995,59.1045,147.654,19.0377,42.7107,59.9764,8.90166,42.4952,230.584,45.546,69.982,69.903,148.009,95.4553,147.309,146.341,20.3829,11050.9,166.416,15.3789,11050.9,145.699,11050.9,146.054,144.454,11050.9,144.925,11050.9,143.402,11050.9,21.4581,11.0431,198.084,15.8542,143.325,11050.9,201.218,141.801,11050.9,16.1609,144.741,11050.9,240.31,11050.9,11050.9,11050.9,196.238,143.141,141.725,140.019,11050.9,141.769,15.1875,79.485,165.902,66.213,44.7239,17.7105,19.1778,22.6283,17.0695,48.8461,16.5162,49.0459,10.8766,7.90272,11050.9,36.2868,10.2088,7.39354
258.071,114.262,180.546,44.4903,47.3919,16.4078,212.159,55.8406,207.494,20.0045,40.4456,56.4015,12.4722,40.3235,256.102,49.7552,65.7058,77.085,137.986,89.1297,210.434,203.235,24.8574,234.037,184.994,11.0605,232.18,208.976,230.571,206.109,204.712,237.643,198.912,234.026,194.527,240.871,20.9388,14.5608,157.137,15.506,197.581,239.041,156.755,193.222,237.199,12.9653,201.876,240.31,11050.9,243.359,242.179,244.035,155.537,200.506,196.238,185.556,247.137,190.077,18.169,68.2581,151.33,75.7777,54.0368,15.6452,16.743,26.5841,14.0088,58.5904,13.7062,56.6487,12.934,12.9322,250.185,31.2479,13.437,8.7099
157.23,103.182,161.73,46.7092,43.162,16.2757,147.794,58.8546,146.341,19.0498,42.5033,59.7539,8.5318,42.2815,228.892,45.3233,69.7293,69.4701,147.62,95.1961,146.1,144.924,19.7959,11050.9,165.187,15.7856,11050.9,144.49,11050.9,144.741,143.141,11050.9,143.401,11050.9,141.768,11050.9,21.256,10.6507,193.778,16.0207,141.801,11050.9,196.849,140.167,11050.9,16.5141,143.324,11050.9,243.359,11050.9,11050.9,11050.9,191.905,141.724,140.201,138.153,11050.9,140.021,14.7423,81.0459,165.95,65.4306,43.4182,17.7809,19.6114,22.2621,17.2523,47.4509,16.6789,48.3912,10.491,7.15591,11050.9,37.0023,9.82928,7.02642
159.305,104.906,164.621,46.4666,43.8337,16.3103,150.595,58.5231,149.254,19.2329,42.2783,59.3799,9.03412,42.0686,233.066,46.0259,69.2795,70.655,146.53,94.5108,148.909,147.941,20.4163,11050.9,168.226,15.2049,11050.9,147.3,11050.9,147.654,146.054,11050.9,146.525,11050.9,145.002,11050.9,21.2351,11.1425,199.439,16.0343,144.925,11050.9,202.546,143.401,11050.9,16.081,146.341,11050.9,242.179,11050.9,11050.9,11050.9,197.581,144.741,143.325,141.619,11050.9,143.369,15.1546,79.5321,164.269,66.9702,44.7073,17.5351,19.2907,22.8964,16.8859,48.7993,16.3422,49.612,10.7769,8.07539,11050.9,36.3238,10.3613,7.21767
160.939,106,166.354,46.0009,44.2953,16.1313,152.195,57.9416,150.854,19.428,41.846,58.7833,9.16315,41.6419,235.549,46.5059,68.5769,71.4071,145.052,93.5663,150.509,149.541,20.4471,11050.9,170.037,15.026,11050.9,148.9,11050.9,149.254,147.654,11050.9,148.125,11050.9,146.602,11050.9,21.012,11.2393,200.782,16.2144,146.525,11050.9,203.862,145.001,11050.9,15.999,147.941,11050.9,244.035,11050.9,11050.9,11050.9,198.912,146.341,144.925,143.219,11050.9,144.969,15.1197,79.5726,162.636,67.7273,44.6851,17.3597,19.4008,23.1644,16.7023,48.7465,16.1681,50.178,10.6745,8.24805,11050.9,36.3577,10.5139,7.03639
202.074,104.439,165.17,48.7463,43.1781,18.1861,233.981,61.1454,237.644,18.0914,44.3979,61.7763,11.8002,44.234,234.106,45.3788,72.0236,70.3282,151.101,97.5221,232.455,240.871,25.3572,212.089,168.946,12.2223,210.778,230.695,209.131,235.841,234.026,207.494,244.036,204.712,247.138,203.235,23.0871,14.2058,11050.9,13.4934,242.179,201.876,11050.9,245.254,200.506,13.2795,239.041,196.238,155.537,191.905,197.581,198.912,11050.9,237.2,240.31,253.155,194.527,250.176,19.0809,65.9352,165.181,69.3627,55.9763,17.0385,15.2042,24.403,15.2813,60.9288,14.9328,51.9255,14.3924,11.8451,190.063,30.0429,12.3358,10.8992
1347.26,111.476,177.231,44.8997,45.8163,17.3863,11050.9,56.1323,11050.9,18.5333,40.8282,56.461,15.0488,40.7659,251.567,48.1474,65.706,75.1639,136.894,88.5153,11050.9,11050.9,29.2822,150.08,181.654,8.38861,148.506,11050.9,146.85,11050.9,11050.9,148.866,11050.9,145.666,11050.9,147.654,21.7757,17.3682,238.546,12.4691,11050.9,146.054,234.188,11050.9,144.454,10.4699,11050.9,143.141,200.506,141.724,144.741,146.341,237.2,11050.9,11050.9,11050.9,144.925,11050.9,21.6465,56.366,146.209,76.0903,64.0656,14.4851,13.2443,27.2004,11.4836,69.3667,11.4631,57.2925,16.1042,14.964,143.397,25.7645,14.5376,11.9346
1311.19,111.152,176.863,44.7179,45.6253,17.4235,11050.9,55.8726,11050.9,18.3388,40.6597,56.1646,15.4185,40.6084,251.068,47.9529,65.3473,74.9398,135.988,87.9479,11050.9,11050.9,29.8689,148.976,181.286,7.98204,147.405,11050.9,145.743,11050.9,11050.9,147.654,11050.9,144.454,11050.9,146.341,21.7733,17.7603,241.629,12.0125,11050.9,144.741,237.208,11050.9,143.141,10.1169,11050.9,141.725,196.238,140.201,143.325,144.925,240.31,11050.9,11050.9,11050.9,143.402,11050.9,22.0916,54.8058,144.65,76.1583,65.3708,14.2251,12.8108,27.2878,10.9823,70.7613,11.017,57.3954,16.4897,15.2038,141.763,25.0492,14.6756,12.3016
1205.77,107.625,171.723,44.9446,43.9704,17.8352,11050.9,56.0646,11050.9,17.2806,40.8712,56.2585,16.2863,40.8442,243.791,46.245,65.428,72.5121,135.685,87.7907,11050.9,11050.9,31.5811,148.263,175.965,7.14664,146.699,11050.9,145.021,11050.9,11050.9,146.599,11050.9,143.399,11050.9,144.966,22.1405,18.7562,254.414,10.0633,11050.9,143.366,249.854,11050.9,141.766,9.23276,11050.9,140.019,185.556,138.153,141.619,143.219,253.155,11050.9,11050.9,11050.9,141.354,11050.9,23.5074,50.0757,142.544,74.6043,69.3605,13.6949,11.304,26.9263,9.58694,75.0827,9.81076,56.3888,17.8652,15.4945,139.36,22.8501,14.7261,13.7953
160.507,105.369,165.196,45.7779,44.0852,15.9178,150.995,57.6925,149.541,19.4401,41.6386,58.5609,8.79345,41.4283,233.858,46.2833,68.3243,70.9744,144.663,93.3072,149.301,148.125,19.8604,11050.9,168.808,15.4326,11050.9,147.691,11050.9,147.941,146.341,11050.9,146.602,11050.9,144.969,11050.9,20.81,10.8472,196.423,16.3808,145.002,11050.9,199.44,143.368,11050.9,16.352,146.525,11050.9,247.137,11050.9,11050.9,11050.9,194.527,144.925,143.402,141.354,11050.9,143.222,14.6746,81.1328,162.684,66.9452,43.38,17.43,19.8342,22.7984,16.8851,47.352,16.3307,49.5235,10.289,7.50159,11050.9,37.073,10.1346,6.66942
1241.99,108.133,172.378,45.2066,44.2414,17.827,11050.9,56.4272,11050.9,17.518,41.1141,56.6608,15.9161,41.0747,244.7,46.5224,65.9119,72.8626,136.864,88.5319,11050.9,11050.9,30.9935,149.671,176.632,7.55377,148.105,11050.9,146.432,11050.9,11050.9,148.125,11050.9,144.925,11050.9,146.602,22.1789,18.3635,251.463,10.635,11050.9,145.002,246.969,11050.9,143.402,9.58628,11050.9,141.769,190.077,140.021,143.369,144.969,250.176,11050.9,11050.9,11050.9,143.222,11050.9,23.0617,51.6381,144.455,74.6583,68.0535,14.0067,11.738,26.8826,10.2249,73.6863,10.3705,56.3774,17.4792,15.2956,141.351,23.5664,14.617,13.4278
19.0181,18.5563,19.6298,18.6717,15.7225,17.1307,20.7862,18.2356,21.2813,9.55675,18.4623,18.125,54.635,18.6285,19.8619,16.0043,18.0955,17.8067,17.3742,17.4876,20.7806,21.7264,75.3843,16.4975,19.6092,7.4072,16.5436,20.7432,16.5527,21.2423,21.2014,16.0099,22.1715,16.0777,22.6166,15.5648,18.0662,103.729,18.8893,5.3892,22.1325,15.5997,18.9488,22.5777,15.6327,7.89262,21.6874,15.1875,18.169,14.7423,15.1546,15.1197,19.0809,21.6465,22.0916,23.5074,14.6746,23.0617,11050.9,14.2676,14.917,20.6421,29.2637,10.3294,6.62773,16.8173,7.18267,27.9201,7.46058,20.4669,115.697,13.8093,14.2282,11.143,12.2664,73.2257
65.8545,56.3563,58.8142,36.5028,39.0318,14.7637,59.6141,42.9211,57.8788,20.4524,34.0264,43.5506,10.2553,33.8467,59.9994,40.2845,47.4853,49.3083,63.679,56.0346,59.5244,56.3187,18.2532,74.7429,58.4804,14.5818,74.6635,59.5321,74.6999,57.9059,57.9262,76.4522,54.7585,76.3646,53.1983,78.0124,18.7971,11.8031,66.6069,17.7624,54.7855,77.972,66.4386,53.225,77.9248,16.5004,56.3457,79.485,68.2581,81.0459,79.5321,79.5726,65.9352,56.366,54.8058,50.0757,81.1328,51.6381,14.2676,11050.9,72.1007,42.5727,29.7148,16.5623,22.9885,21.9258,16.1323,31.232,15.5478,36.5181,10.4583,10.0622,82.6977,57.1469,11.4971,7.09291
157.442,62.4383,79.2909,64.6762,34.0026,18.0676,152.415,90.438,150.926,17.1907,57.209,93.1938,7.96676,56.6428,91.7791,35.3912,121.125,48.066,1544.2,223.535,150.686,149.475,19.2425,161.932,79.1673,17.2499,163.555,149.042,165.208,149.293,147.66,162.278,147.916,165.543,146.244,162.501,24.3497,10.0754,165.547,14.598,146.283,164.134,169.347,144.61,165.767,17.1872,147.842,165.902,151.33,165.95,164.269,162.636,165.181,146.209,144.65,142.544,162.684,144.455,14.917,72.1007,11050.9,45.1959,41.9791,19.7279,18.2943,19.3387,19.2396,46.3358,18.4821,36.333,10.9971,6.59542,162.644,35.532,9.11283,7.61176
72.9394,239.385,131.501,27.5354,116.212,14.1168,74.2981,31.26,74.4672,24.3758,25.7342,31.1933,17.9238,25.8354,107.675,130.254,33.6501,11050.9,45.6565,38.8025,75.0682,74.576,29.4781,69.8233,129.908,5.78609,69.0812,75.8267,68.2919,75.2243,75.9814,69.136,74.644,67.6218,74.6714,68.4571,16.8045,19.7962,69.2069,15.0017,75.4012,67.6999,67.445,75.4286,66.9428,8.524,75.3331,66.213,75.7777,65.4306,66.9702,67.7273,69.3627,76.0903,76.1583,74.6043,66.9452,74.6583,20.6421,42.5727,45.1959,11050.9,49.5125,11.2843,13.711,42.3731,8.32496,50.1734,8.49725,227.701,14.2174,20.0362,66.1064,23.4426,18.5657,9.45341
56.1623,49.8741,55.6316,36.8579,33.1791,18.7346,61.3813,40.5651,62.8329,15.6605,34.7587,40.189,16.6034,34.9197,57.4926,34.3314,42.4306,43.8964,47.8912,44.9856,61.4456,64.1381,46.496,48.7253,55.7009,9.23671,48.7801,61.4171,48.7268,62.7995,62.7605,47.2954,65.4432,47.3342,66.7483,45.9903,22.6822,20.4858,55.4144,10.2093,65.4098,46.0125,55.4047,66.7152,46.0291,10.3567,64.1047,44.7239,54.0368,43.4182,44.7073,44.6851,55.9763,64.0656,65.3708,69.3605,43.38,68.0535,29.2637,29.7148,41.9791,49.5125,11050.9,14.3009,11.2359,25.1639,11.3465,863.481,11.4032,43.8774,20.7145,14.8176,42.0709,19.1959,13.9732,15.4756
16.1924,13.7176,14.1826,26.2919,11.5408,685.616,15.3357,23.7508,15.0806,9.1076,28.1616,23.8671,3.21236,28.022,14.3836,11.7742,22.7348,12.6253,19.6118,20.981,15.1436,14.836,9.635,17.0785,13.888,21.3543,17.2512,14.9664,17.4324,14.9052,14.7298,17.1891,14.576,17.54,14.2999,17.2794,69.9476,4.57341,17.1097,8.49619,14.4006,17.4548,17.518,14.1244,17.6303,18.1519,14.6605,17.7105,15.6452,17.7809,17.5351,17.3597,17.0385,14.4851,14.2251,13.6949,17.43,14.0067,10.3294,16.5623,19.7279,11.2843,14.3009,11050.9,8.66626,7.74778,391.996,15.4081,2203.46,10.3509,10.1627,0,17.4908,15.6252,3.48374,9.24637
15.6459,16.5046,15.3647,11.8791,18.5032,5.65086,13.9539,13.2312,13.4718,19.9129,11.2891,13.1928,8.23515,11.2825,15.1224,18.3906,13.6314,17.0659,15.8664,15.0964,14.0258,13.0384,9.74417,18.059,15.4252,0,17.9382,14.1238,17.8484,13.5761,13.6777,18.5339,12.6049,18.3109,12.1715,18.9673,7.20727,8.5638,15.3907,22.4296,12.7092,18.8573,15.1011,12.2757,18.7444,15.1564,13.1427,19.1778,16.743,19.6114,19.2907,19.4008,15.2042,13.2443,12.8108,11.304,19.8342,11.738,6.62773,22.9885,18.2943,13.711,11.2359,8.66626,11050.9,12.644,8.90614,11.2226,8.62937,13.1951,0,5.33669,20.2689,43.2341,8.41672,0
25.6828,34.4448,31.0524,16.1332,62.3464,10.68,26.4304,17.1879,26.5619,61.0864,15.3627,17.0753,20.4399,15.4927,29.7601,58.6723,17.6784,41.2297,20.3022,18.9331,26.7079,26.6643,23.8075,24.1626,31.4671,3.29813,23.9018,26.9769,23.6182,26.83,27.098,23.8317,26.7518,23.2956,26.8245,23.5085,12.002,21.0798,24.3181,25.5083,27.0198,23.2405,23.6943,27.0926,22.9724,5.83544,26.9323,22.6283,26.5841,22.2621,22.8964,23.1644,24.403,27.2004,27.2878,26.9263,22.7984,26.8826,16.8173,21.9258,19.3387,42.3731,25.1639,7.74778,12.644,11050.9,4.5453,24.0912,4.9401,51.6492,10.6733,44.7931,22.4081,16.6277,34.7188,6.10782
