10279.6,15.0396,586.656,16.8915,120.363,254.785,19.5835,21.8715,73.914,18.9196,87.323,15.3205,36.5527,21.4969,63.7709,22.6436,55.0883,36.3339,27.1206,50.1275,6.47415,24.1497,37.4342,30.9955,32.8437,21.7877,15.6082,58.1195,18.5465,21.156,39.0536,16.4815,9.31332,64.9592,16.3642,17.6121,60.0379,8.87953,12.9646,18.0556,20.0191,8.40312,16.034
15.0396,10279.6,15.3112,135.386,17.3618,16.2082,66.6499,51.1549,19.0074,77.503,18.5481,1983.43,26.1815,53.045,19.9882,46.6079,21.1776,8.57925,34.7269,21.7627,15.2466,41.4439,25.6847,29.8221,28.5901,49.9682,10.3363,20.4702,11.9051,54.0877,10.5773,12.5549,19.3822,19.7726,203.165,9.11242,11.984,30.2205,96.0278,14.2476,6.91994,25.0505,12.2102
586.656,15.3112,10279.6,17.2529,150.481,452.977,20.0905,22.5272,83.8293,19.3816,102.041,15.6015,38.7312,22.1103,71.0498,23.3443,60.424,34.0262,28.1844,54.3667,6.42703,24.9512,39.7029,32.5209,34.4232,22.4336,15.7779,64.1797,18.4979,21.7326,36.9423,16.4462,9.50574,72.8717,16.658,17.4792,54.9442,8.86375,13.1088,18.0728,19.7018,8.37568,15.9891
16.8915,135.386,17.2529,10279.6,19.8496,18.3501,130.611,82.054,22.0801,182.866,21.3902,146.543,32.3085,88.1515,23.3609,71.2672,24.9696,9.52881,46.824,25.8957,15.277,60.2492,31.6239,38.1094,36.6995,79.0173,10.9646,23.9873,13.2419,92.0433,11.321,13.6933,19.0036,22.9743,366.413,10.2384,12.9903,24.1907,56.1522,15.6405,7.00064,20.9031,13.2745
120.363,17.3618,150.481,19.8496,10279.6,229.023,23.5592,26.8991,189.392,22.5681,328.347,17.7009,53.4385,26.1964,137.011,27.979,103.512,25.5455,35.106,86.121,6.98358,30.1906,55.029,42.5817,44.631,26.7444,16.699,115.367,18.0059,25.5839,29.6715,16.1356,11.3432,148.772,18.8098,16.4947,40.3308,9.18388,14.3666,18.0187,17.9757,8.61619,15.637
254.785,16.2082,452.977,18.3501,229.023,10279.6,21.4967,24.2143,104.567,20.6901,134.56,16.5157,43.3386,23.7268,85.9844,25.1416,71.2988,30.3765,30.7001,62.9726,6.99069,26.9471,44.4721,35.8752,37.8621,24.1274,15.968,76.5351,18.5696,23.2893,33.4587,16.5671,10.2448,89.2498,17.6369,17.327,48.1414,9.23415,13.7624,18.3251,18.1228,8.71052,16.0802
19.5835,66.6499,20.0905,130.611,23.5592,21.4967,10279.6,211.924,26.8114,451.344,25.695,69.6305,43.1354,285.885,28.6062,160.077,30.9771,11.0386,74.1767,32.591,15.4259,115.2,42.0651,54.1972,52.6683,201.811,11.4197,29.4641,15.2472,340.975,12.2413,15.3537,17.6873,27.8523,97.1959,12.0367,14.3026,20.5464,39.6106,17.6295,6.71318,18.2687,14.8285
21.8715,51.1549,22.5272,82.054,26.8991,24.2143,211.924,10279.6,31.1803,147.214,29.6175,53.0329,54.8715,464.527,33.6027,353.899,36.7852,11.8113,106.587,39.1862,13.9755,206.291,53.3072,73.7612,70.1032,468.224,12.6531,35.0195,15.6672,385.928,13.4754,15.4891,17.9555,32.8568,65.6752,12.6438,15.7989,17.4195,32.6133,17.765,7.78973,15.6788,14.9583
73.914,19.0074,83.8293,22.0801,189.392,104.567,26.8114,31.1803,10279.6,25.4882,440.177,19.3981,74.498,30.222,505.245,32.706,232.151,21.9084,43.0558,156.678,7.40497,35.7459,77.3173,54.9045,57.4547,31.0652,16.7794,301.051,17.9152,29.41,25.7908,16.1682,12.3467,780.94,20.7281,16.0922,33.5145,9.56685,15.4109,18.2267,16.1544,8.93189,15.6371
18.9196,77.503,19.3816,182.866,22.5681,20.6901,451.344,147.214,25.4882,10279.6,24.5106,81.4594,39.6328,174.651,27.1029,118.668,29.2145,10.7959,64.1062,30.5915,15.5394,92.0435,38.7064,48.6433,47.2432,140.337,11.2943,27.8599,14.902,193.036,12.036,15.0888,17.892,26.4409,122.617,11.7453,13.9972,21.4171,42.9951,17.2921,6.7522,18.9142,14.585
87.323,18.5481,102.041,21.3902,328.347,134.56,25.695,29.6175,440.177,24.5106,10279.6,18.9174,64.5831,28.7666,236.058,30.9417,152.866,22.8526,39.7987,117.192,7.48612,33.6046,66.7434,49.5368,51.8153,29.483,16.7733,179.648,17.9453,28.0384,26.9102,16.1682,12.1749,278.015,20.1549,16.1947,35.6041,9.56817,15.1716,18.1785,16.5428,8.9526,15.645
15.3205,1983.43,15.6015,146.543,17.7009,16.5157,69.6305,53.0329,19.3981,81.4594,18.9174,10279.6,26.7995,55.091,20.4022,48.2297,21.6244,8.77814,35.7276,22.2382,15.2495,42.7976,26.2908,30.5815,29.3503,51.7772,10.4995,20.8944,12.1355,56.2472,10.7381,12.7467,19.3558,20.1696,229.691,9.33884,12.1738,29.3473,90.6511,14.4684,7.01963,24.412,12.3922
36.5527,26.1815,38.7312,32.3085,53.4385,43.3386,43.1354,54.8715,74.498,39.6328,64.5831,26.7995,10279.6,51.7148,88.673,59.8569,112.358,14.4695,106.5,145.423,8.72842,70.1288,2870.6,215.988,222.893,55.0588,17.0792,100.53,15.9244,49.4055,19.1383,14.8852,16.764,84.1011,29.0174,13.401,23.1377,10.6641,19.5233,17.1354,13.4368,9.76521,14.3655
21.4969,53.045,22.1103,88.1515,26.1964,23.7268,285.885,464.527,30.222,174.651,28.7666,55.091,51.7148,10279.6,32.3995,366.883,35.3618,12.2076,102.164,37.5593,15.4372,197.601,50.3087,68.1502,66.6914,668.958,11.6146,33.4266,16.642,1751.93,12.9009,16.4706,16.5393,31.3357,71.994,13.387,15.2277,19.053,34.4344,18.935,6.4173,17.1154,15.877
63.7709,19.9882,71.0498,23.3609,137.011,85.9844,28.6062,33.6027,505.245,27.1029,236.058,20.4022,88.673,32.3995,10279.6,35.2724,438.124,19.8727,47.4709,228.586,7.4824,38.7436,92.4408,62.5555,65.0637,33.4101,17.2772,761.551,17.2728,31.4096,24.5299,15.6739,13.39,1402.01,21.698,15.3063,31.3612,9.53378,15.9163,17.7589,16.1699,8.86487,15.1535
22.6436,46.6079,23.3443,71.2672,27.979,25.1416,160.077,353.899,32.706,118.668,30.9417,48.2297,59.8569,366.883,35.2724,10279.6,38.8184,12.6268,140.291,41.6069,15.206,429.441,58.0468,83.4986,81.7949,806.154,11.7645,36.5306,17.1317,303.378,13.2364,16.8214,16.1676,34.001,60.6685,13.8429,15.7291,18.2213,31.7666,19.3705,6.33108,16.4729,16.2001
55.0883,21.1776,60.424,24.9696,103.512,71.2988,30.9771,36.7852,232.151,29.2145,152.866,21.6244,112.358,35.3618,438.124,38.8184,10279.6,18.4054,53.9564,472.534,7.91092,42.985,118.073,73.7844,76.6241,36.63,17.2309,1038.9,17.0991,34.2137,22.9996,15.6099,14.1343,334.352,23.0728,14.9647,29.0167,9.88349,16.6891,17.7656,15.2685,9.16791,15.0794
36.3339,8.57925,34.0262,9.52881,25.5455,30.3765,11.0386,11.8113,21.9084,10.7959,22.8526,8.77814,14.4695,12.2076,19.8727,12.6268,18.4054,10279.6,14.4822,17.9207,3.99617,13.4986,14.8498,12.7512,15.8426,12.2374,6.87056,17.5071,20.4577,12.6559,2778.71,18.2444,2.69824,17.3854,10.8781,21.4025,74.1925,8.58062,9.48269,18.5738,0,8.31088,18.0551
27.1206,34.7269,28.1844,46.824,35.106,30.7001,74.1767,106.587,43.0558,64.1062,39.7987,35.7276,106.5,102.164,47.4709,140.291,53.9564,14.4822,10279.6,60.084,14.4697,209.58,101.601,218.155,215.087,118.463,12.1064,49.8914,18.9294,96.6523,14.5237,18.1081,14.5194,45.1431,42.5549,15.6753,17.6326,16.1887,26.0311,20.8748,5.77922,14.8445,17.4016
50.1275,21.7627,54.3667,25.8957,86.121,62.9726,32.591,39.1862,156.678,30.5915,117.192,22.2382,145.423,37.5593,228.586,41.6069,472.534,17.9207,60.084,10279.6,7.8354,46.5219,154.853,86.0596,89.4164,39.0801,17.1851,324.088,17.046,36.2642,22.3251,15.5946,14.3247,197.701,23.8223,14.8707,27.8381,9.88308,16.9777,17.7776,15.0138,9.14529,15.0608
6.47415,15.2466,6.42703,15.277,6.98358,6.99069,15.4259,13.9755,7.40497,15.5394,7.48612,15.2495,8.72842,15.4372,7.4824,15.206,7.91092,3.99617,14.4697,7.8354,10279.6,15.2284,8.55792,8.99874,10.9768,15.5069,0,6.71159,0,16.9537,2.32567,528.334,8.32726,6.2973,19.377,0,3.33285,23.2962,20.4788,69.5147,0,22.679,191.851
24.1497,41.4439,24.9512,60.2492,30.1906,26.9471,115.2,206.291,35.7459,92.0435,33.6046,42.7976,70.1288,197.601,38.7436,429.441,42.985,13.4986,209.58,46.5219,15.2284,10279.6,67.7838,104.79,103.22,277.311,11.7101,40.2093,18.1404,177.631,13.6348,17.6184,15.1932,37.1242,52.8803,14.8379,16.3482,17.5401,29.4406,20.2913,5.72575,15.9475,16.9487
37.4342,25.6847,39.7029,31.6239,55.029,44.4721,42.0651,53.3072,77.3173,38.7064,66.7434,26.2908,2870.6,50.3087,92.4408,58.0468,118.073,14.8498,101.601,154.853,8.55792,67.7838,10279.6,198.981,205.554,53.4676,17.1107,105.211,16.0755,48.0978,19.4475,14.9841,16.4727,87.4561,28.4536,13.5964,23.5443,10.5206,19.2095,17.2316,13.6345,9.64038,14.4616
30.9955,29.8221,32.5209,38.1094,42.5817,35.8752,54.1972,73.7612,54.9045,48.6433,49.5368,30.5815,215.988,68.1502,62.5555,83.4986,73.7844,12.7512,218.155,86.0596,8.99874,104.79,198.981,10279.6,205.884,74.6709,16.9536,68.4137,15.0092,64.3336,17.6453,14.2414,18.3069,60.5877,33.4814,12.3766,20.9587,10.9677,21.3682,16.456,12.8185,9.94881,13.7511
32.8437,28.5901,34.4232,36.6995,44.631,37.8621,52.6683,70.1032,57.4547,47.2432,51.8153,29.3503,222.893,66.6914,65.0637,81.7949,76.6241,15.8426,215.087,89.4164,10.9768,103.22,205.554,205.884,10279.6,73.1112,14.5536,70.2749,18.2726,63.754,17.4755,17.1173,14.7549,61.9307,33.4511,15.5059,21.1216,12.9013,21.6201,19.6825,10.1319,11.8599,16.4734
21.7877,49.9682,22.4336,79.0173,26.7444,24.1274,201.811,468.224,31.0652,140.337,29.483,51.7772,55.0588,668.958,33.4101,806.154,36.63,12.2374,118.463,39.0801,15.5069,277.311,53.4676,74.6709,73.1112,10279.6,11.5073,34.5265,16.7925,486.017,12.8593,16.5958,16.3918,32.2441,66.1694,13.4755,15.2513,18.9308,33.3843,19.1028,6.11656,17.0691,15.99
15.6082,10.3363,15.7779,10.9646,16.699,15.968,11.4197,12.6531,16.7794,11.2943,16.7733,10.4995,17.0792,11.6146,17.2772,11.7645,17.2309,6.87056,12.1064,17.1851,0,11.7101,17.1107,16.9536,14.5536,11.5073,10279.6,18.5841,8.36434,10.5194,19.0567,7.72227,33.409,19.1791,8.51709,8.1084,19.0294,2.34863,6.62649,8.16041,22.7126,2.17528,7.69157
58.1195,20.4702,64.1797,23.9873,115.367,76.5351,29.4641,35.0195,301.051,27.8599,179.648,20.8944,100.53,33.4266,761.551,36.5306,1038.9,17.5071,49.8914,324.088,6.71159,40.2093,105.211,68.4137,70.2749,34.5265,18.5841,10279.6,15.7749,32.1672,24.2314,14.3873,14.8045,498.431,21.8303,13.7852,30.4825,8.56903,15.7805,16.3705,17.5788,7.8907,13.9262
18.5465,11.9051,18.4979,13.2419,18.0059,18.5696,15.2472,15.6672,17.9152,14.902,17.9453,12.1355,15.9244,16.642,17.2728,17.1317,17.0991,20.4577,18.9294,17.046,0,18.1404,16.0755,15.0092,18.2726,16.7925,8.36434,15.7749,10279.6,17.6956,10.8786,195.034,5.02485,15.2373,15.6299,190.2,12.7085,11.9115,13.3388,549.621,2.95091,11.1701,119.184
21.156,54.0877,21.7326,92.0433,25.5839,23.2893,340.975,385.928,29.41,193.036,28.0384,56.2472,49.4055,1751.93,31.4096,303.378,34.2137,12.6559,96.6523,36.2642,16.9537,177.631,48.0978,64.3336,63.754,486.017,10.5194,32.1672,17.6956,10279.6,12.2715,17.5233,15.1,30.1214,75.5362,14.2929,14.6473,20.3648,35.5131,20.1053,4.00527,18.3169,16.8794
39.0536,10.5773,36.9423,11.321,29.6715,33.4587,12.2413,13.4754,25.7908,12.036,26.9102,10.7381,19.1383,12.9009,24.5299,13.2364,22.9996,2778.71,14.5237,22.3251,2.32567,13.6348,19.4475,17.6453,17.4755,12.8593,19.0567,24.2314,10.8786,12.2715,10279.6,9.5284,8.4279,25.4047,9.996,10.6507,132.643,1.81448,8.0374,10.2556,808.539,1.07576,9.41914
16.4815,12.5549,16.4462,13.6933,16.1356,16.5671,15.3537,15.4891,16.1682,15.0888,16.1682,12.7467,14.8852,16.4706,15.6739,16.8214,15.6099,18.2444,18.1081,15.5946,528.334,17.6184,14.9841,14.2414,17.1173,16.5958,7.72227,14.3873,195.034,17.5233,9.5284,10279.6,6.19491,13.8733,16.2084,10279.6,11.1894,13.933,14.4663,144.385,2.79102,13.2118,299.151
9.31332,19.3822,9.50574,19.0036,11.3432,10.2448,17.6873,17.9555,12.3467,17.892,12.1749,19.3558,16.764,16.5393,13.39,16.1676,14.1343,2.69824,14.5194,14.3247,8.32726,15.1932,16.4727,18.3069,14.7549,16.3918,33.409,14.8045,5.02485,15.1,8.4279,6.19491,10279.6,14.8875,14.9791,0.486356,9.35826,6.57995,13.7845,7.05712,6.20012,6.24472,6.11152
64.9592,19.7726,72.8717,22.9743,148.772,89.2498,27.8523,32.8568,780.94,26.4409,278.015,20.1696,84.1011,31.3357,1402.01,34.001,334.352,17.3854,45.1431,197.701,6.2973,37.1242,87.4561,60.5877,61.9307,32.2441,19.1791,498.431,15.2373,30.1214,25.4047,13.8733,14.8875,10279.6,20.8286,13.333,32.2546,7.98159,15.1959,15.7653,18.8794,7.32862,13.4438
16.3642,203.165,16.658,366.413,18.8098,17.6369,97.1959,65.6752,20.7281,122.617,20.1549,229.691,29.0174,71.994,21.698,60.6685,23.0728,10.8781,42.5549,23.8223,19.377,52.8803,28.4536,33.4814,33.4511,66.1694,8.51709,21.8303,15.6299,75.5362,9.996,16.2084,14.9791,20.8286,10279.6,12.3157,11.8117,30.5377,67.5798,18.3156,0.92863,26.2883,15.7008
17.6121,9.11242,17.4792,10.2384,16.4947,17.327,12.0367,12.6438,16.0922,11.7453,16.1947,9.33884,13.401,13.387,15.3063,13.8429,14.9647,21.4025,15.6753,14.8707,0,14.8379,13.5964,12.3766,15.5059,13.4755,8.1084,13.7852,190.2,14.2929,10.6507,10279.6,0.486356,13.333,12.3157,10279.6,12.3153,8.66684,10.3182,132.929,1.60999,8.06468,292.774
60.0379,11.984,54.9442,12.9903,40.3308,48.1414,14.3026,15.7989,33.5145,13.9972,35.6041,12.1738,23.1377,15.2277,31.3612,15.7291,29.0167,74.1925,17.6326,27.8381,3.33285,16.3482,23.5443,20.9587,21.1216,15.2513,19.0294,30.4825,12.7085,14.6473,132.643,11.1894,9.35826,32.2546,11.8117,12.3153,10279.6,4.36751,9.50267,12.1069,95.0161,3.96356,11.0046
8.87953,30.2205,8.86375,24.1907,9.18388,9.23415,20.5464,17.4195,9.56685,21.4171,9.56817,29.3473,10.6641,19.053,9.53378,18.2213,9.88349,8.58062,16.1887,9.88308,23.2962,17.5401,10.5206,10.9677,12.9013,18.9308,2.34863,8.56903,11.9115,20.3648,1.81448,13.933,6.57995,7.98159,30.5377,8.66684,4.36751,10279.6,64.8275,14.875,0,215.425,13.7192
12.9646,96.0278,13.1088,56.1522,14.3666,13.7624,39.6106,32.6133,15.4109,42.9951,15.1716,90.6511,19.5233,34.4344,15.9163,31.7666,16.6891,9.48269,26.0311,16.9777,20.4788,29.4406,19.2095,21.3682,21.6201,33.3843,6.62649,15.7805,13.3388,35.5131,8.0374,14.4663,13.7845,15.1959,67.5798,10.3182,9.50267,64.8275,10279.6,16.0041,0,48.6914,14.1138
18.0556,14.2476,18.0728,15.6405,18.0187,18.3251,17.6295,17.765,18.2267,17.2921,18.1785,14.4684,17.1354,18.935,17.7589,19.3705,17.7656,18.5738,20.8748,17.7776,69.5147,20.2913,17.2316,16.456,19.6825,19.1028,8.16041,16.3705,549.621,20.1053,10.2556,144.385,7.05712,15.7653,18.3156,132.929,12.1069,14.875,16.0041,10279.6,3.28353,14.0269,98.3058
20.0191,6.91994,19.7018,7.00064,17.9757,18.1228,6.71318,7.78973,16.1544,6.7522,16.5428,7.01963,13.4368,6.4173,16.1699,6.33108,15.2685,0,5.77922,15.0138,0,5.72575,13.6345,12.8185,10.1319,6.11656,22.7126,17.5788,2.95091,4.00527,808.539,2.79102,6.20012,18.8794,0.92863,1.60999,95.0161,0,0,3.28353,10279.6,0,2.9595
8.40312,25.0505,8.37568,20.9031,8.61619,8.71052,18.2687,15.6788,8.93189,18.9142,8.9526,24.412,9.76521,17.1154,8.86487,16.4729,9.16791,8.31088,14.8445,9.14529,22.679,15.9475,9.64038,9.94881,11.8599,17.0691,2.17528,7.8907,11.1701,18.3169,1.07576,13.2118,6.24472,7.32862,26.2883,8.06468,3.96356,215.425,48.6914,14.0269,0,10279.6,13.0304
16.034,12.2102,15.9891,13.2745,15.637,16.0802,14.8285,14.9583,15.6371,14.585,15.645,12.3922,14.3655,15.877,15.1535,16.2001,15.0794,18.0551,17.4016,15.0608,191.851,16.9487,14.4616,13.7511,16.4734,15.99,7.69157,13.9262,119.184,16.8794,9.41914,299.151,6.11152,13.4438,15.7008,292.774,11.0046,13.7192,14.1138,98.3058,2.9595,13.0304,10279.6
