62360.2,1416.35,108.911,43.4143,36.9443,21.1147,162.099,99.3499,239.765,28.7407,161.93,71.8699,50.1271,1284.75,79.9694,59.9367,152.312,50.9932,173.039,14.2983,1248.48,114.298,213.179,1320.06,1215.07,161.961,106.71,158.883,1283.28,160.465,16.2649,1213.6,160.333,311.679,158.7,252.109,1245.32,158.84,1246.97,159.789,262.74,22.0097,10.9837,1148.22,161.733,1211.98,160.101,77.718,200.742,161.426,1181.65,259.319,158.468,159.383,160.537,202.289,1178.55,1180.21,1114.78,30.3758,126.731,81.4144,12.5768,161.027,1146.82,109.858,16.4968,16.4776,16.6204,15.1125,199.117,35.0471,15.1255,60.4253,14.8355,12.1731,14.4858,43.9282,11.4733
1416.35,62360.2,109.527,43.1894,37.0559,21.1131,161.927,99.9245,241.345,28.8088,158.778,72.2289,49.8535,62360.2,79.4352,60.2627,151.054,51.232,171.802,14.7744,62360.2,113.434,211.529,62360.2,62360.2,156.741,107.409,154.753,62360.2,155.804,16.7615,62360.2,155.142,314.006,153.522,217.417,62360.2,154.196,62360.2,153.541,225.736,21.9956,10.525,62360.2,155.967,62360.2,154.367,75.6592,224.017,155.141,62360.2,222.307,152.767,152.616,153.209,225.521,62360.2,62360.2,62360.2,29.9907,128.096,83.5088,12.1753,154.223,62360.2,108.676,16.9238,16.0395,16.8725,14.8103,221.535,34.6003,15.3925,58.8461,15.2212,12.7075,14.1525,43.354,11.1147
108.911,109.527,62360.2,30.7553,56.222,17.7098,108.521,1274.46,200.223,39.3154,107.746,216.057,33.8732,109.351,45.4445,137.345,62.4165,97.901,65.2153,16.4409,109.143,55.0063,70.5332,110.581,108.889,106.064,62360.2,104.863,110.44,105.504,18.2536,109.978,104.977,169.146,103.872,107.737,111.32,104.409,110.231,103.731,113.663,27.4979,11.7568,108.203,105.459,111.067,104.37,61.6639,103.878,104.82,108.576,113.47,103.281,103.023,103.347,103.81,110.753,109.665,107.769,22.9407,614.524,66.0094,10.9937,104.117,109.292,52.5962,15.9441,16.4332,20.4028,12.5836,101.28,25.6251,18.3901,51.9304,14.2956,15.7414,12.0133,30.2256,12.1106
43.4143,43.1894,30.7553,62360.2,19.6526,41.9848,43.4314,29.712,36.3765,16.9477,43.587,26.6463,311.93,42.8713,96.0641,24.6272,60.6855,22.9619,59.0324,10.5619,42.7184,70.3103,55.0371,42.5595,42.5524,43.1695,30.0773,44.306,42.4334,43.7525,12.4997,42.1142,43.608,36.9385,44.0417,43.8131,41.8421,44.1891,42.2803,43.2436,41.4286,14.3658,7.79263,42.1461,42.9954,41.676,43.4336,36.1145,45.4308,42.8054,42.3617,41.4064,43.8717,43.0271,42.3502,45.4303,41.4848,41.9235,41.9052,115.83,30.8993,39.6141,13.962,42.5905,41.7079,70.7812,17.9654,12.8649,11.5569,25.2364,46.4484,220.591,10.7366,32.9936,16.5918,8.35477,23.9333,1000.81,7.64445
36.9443,37.0559,56.222,19.6526,62360.2,13.0585,36.9566,59.4086,43.5651,137.403,36.7849,77.0883,20.8245,36.6414,24.9183,96.9014,29.5054,134.171,29.7544,15.7646,36.4708,27.7288,31.0125,37.1627,36.2917,36.5758,57.1099,35.9768,37.0148,36.2881,16.8709,36.6647,36.203,42.3335,35.8273,36.6342,37.2168,35.9142,36.8438,35.9693,38.6642,56.2156,22.6615,35.8687,36.4667,37.0377,36.0937,35.2032,35.2355,36.3423,36.0911,38.6749,35.7207,35.823,36.031,35.2505,36.8366,36.4641,35.6241,16.2786,50.7058,31.4613,10.3521,36.1971,36.2417,26.8458,11.4613,18.7028,31.8382,10.4716,34.3837,17.6177,26.9943,34.1445,10.2372,21.9974,10.1443,19.7016,16.2738
21.1147,21.1131,17.7098,41.9848,13.0585,62360.2,20.9622,17.2942,19.5424,11.6786,20.9342,16.1255,37.2282,21.3381,28.7754,15.3442,23.8858,14.6022,24.2049,9.02767,21.3683,25.4796,23.2056,21.0788,21.384,20.3153,17.4173,21.0853,21.1234,20.7102,10.7584,21.1693,20.5304,19.5915,20.7398,21.2089,20.9389,20.9228,21.1536,20.1292,20.0405,10.1305,2.9985,21.3808,20.1169,20.9546,20.3316,18.2395,22.0859,19.9146,21.3881,19.9447,20.5463,19.9106,19.4652,22.0435,20.9588,21.1734,21.3619,59.6196,18.0228,22.3828,11.1709,19.6975,21.1661,25.0409,19.2074,7.98421,9.49737,63.5833,22.5423,46.8976,9.07579,17.1906,18.4981,8.04152,55.227,36.0413,4.16229
162.099,161.927,108.521,43.4314,36.9566,20.9622,62360.2,98.9801,238.579,28.7794,1424.25,71.6856,50.1636,161.944,80.1749,59.7467,153.057,50.8881,173.586,13.6576,161.709,114.743,214.052,160.452,161.4,1288.95,106.198,1354.16,160.316,1322.25,15.5821,159.763,1287.48,309.765,1284.8,209.528,158.444,1320.1,160.077,1218.49,202.357,22.1347,11.6865,160.507,1253.51,158.126,1252,80.7595,260.876,1219.97,160.999,199.257,1250.35,1184.74,1152.84,262.577,157.716,159.358,159.921,30.7075,125.342,78.3175,13.1264,1186.41,158.861,110.766,15.8217,17.1661,16.3302,15.4267,267.022,35.4354,14.8053,62.7684,14.2174,11.4313,14.8451,44.437,12.0899
99.3499,99.9245,1274.46,29.712,59.4086,17.2942,98.9801,62360.2,171.55,40.9918,98.259,262.775,32.6315,99.7863,43.3916,155.682,58.8209,107.21,61.2875,16.6351,99.6008,52.1469,66.0393,100.913,99.3733,96.6841,1272.82,95.5898,100.79,96.1744,18.4033,100.377,95.6817,148.37,94.6634,98.2616,101.608,95.1652,100.604,94.52,103.723,28.3853,12.0817,98.7535,96.1188,101.38,95.1153,59.5468,94.7105,95.5235,99.091,103.54,94.1118,93.8603,94.1525,94.6449,101.097,100.095,98.3601,22.2397,412.653,63.5136,10.8053,94.8685,99.757,49.8256,15.736,16.4833,20.9881,12.2732,92.3133,24.7935,18.8962,50.6682,14.0941,16.2755,11.7108,29.1397,12.3023
239.765,241.345,200.223,36.3765,43.5651,19.5424,238.579,171.55,62360.2,32.5361,236.658,103.23,40.9134,241.729,58.9646,80.7285,91.1079,65.1742,98.0543,16.435,241.482,75.9917,110.152,244.226,241.12,232.116,197.005,229.89,244.132,231.097,18.414,243.524,229.716,992.918,227.271,236.969,246.289,228.678,243.886,226.522,250.048,23.8621,9.68887,240.006,230.553,245.927,228.149,68.2832,228.623,228.925,240.629,249.451,225.746,224.734,225.225,228.387,245.434,243.032,239.251,25.8522,289.149,82.259,10.9436,227.15,242.409,72.2961,17.3983,15.3247,18.618,13.2544,222.803,29.3209,16.9731,54.3234,15.6342,14.7853,12.5747,35.5493,10.7033
28.7407,28.8088,39.3154,16.9477,137.403,11.6786,28.7794,40.9918,32.5361,62360.2,28.6627,48.908,17.8009,28.4111,20.8135,56.4878,24.0287,67.6914,24.0822,15.3695,28.2566,22.8185,24.9703,28.8418,28.0967,28.5695,39.9251,28.0616,28.7051,28.3245,16.1845,28.3904,28.276,31.9379,27.9807,28.5149,28.8439,28.0304,28.5503,28.129,30.1129,95.6658,31.0514,27.725,28.5025,28.684,28.2088,28.672,27.3987,28.4226,27.9196,30.1365,27.9152,28.0322,28.2142,27.4181,28.5064,28.2132,27.5124,14.3965,36.174,25.1571,9.71762,28.3266,28.0186,22.1517,10.0591,18.6567,42.4037,9.66048,26.7358,15.4598,34.3312,28.4245,8.97416,28.2619,9.38891,17.0732,17.1079
161.93,158.778,107.746,43.587,36.7849,20.9342,1424.25,98.259,236.658,28.6627,62360.2,71.2181,50.3557,156.805,80.5737,59.3304,154.04,50.5705,174.522,13.2067,156.018,115.407,215.324,155.897,155.198,62360.2,105.343,62360.2,155.207,62360.2,15.1125,153.598,62360.2,306.991,62360.2,234.377,152.818,62360.2,154.418,62360.2,225.291,22.1066,12.027,153.278,62360.2,151.998,62360.2,82.6926,224.286,62360.2,154.285,222.271,62360.2,62360.2,62360.2,225.992,151.083,152.685,152.174,31.024,123.801,76.3469,13.5052,62360.2,151.678,111.722,15.4216,17.5755,16.0541,15.6803,229.446,35.8031,14.5149,64.2509,13.8563,10.8378,15.125,44.9106,12.4221
71.8699,72.2289,216.057,26.6463,77.0883,16.1255,71.6856,262.775,103.23,48.908,71.2181,62360.2,28.9391,71.9302,37.164,387.466,47.9859,182.579,49.4093,16.4553,71.7409,43.4677,52.5516,72.8001,71.5253,70.2906,219.352,69.3922,72.6556,69.8672,18.0756,72.2503,69.5663,94.9107,68.8321,71.1358,73.191,69.1387,72.466,68.8386,75.0815,32.124,14.0329,70.9735,69.939,72.9753,69.214,53.0167,68.5267,69.5636,71.2696,74.9928,68.489,68.418,68.6855,68.501,72.7189,71.9946,70.6364,20.5576,159.21,52.6983,10.8295,69.146,71.6985,41.6969,14.5916,17.2743,22.6673,11.8532,66.8164,22.7177,20.1932,47.1185,13.0537,17.107,11.3631,26.2981,13.4162
50.1271,49.8535,33.8732,311.93,20.8245,37.2282,50.1636,32.6315,40.9134,17.8009,50.3557,28.9391,62360.2,49.4421,138.203,26.5692,75.1487,24.6261,72.1765,10.798,49.2525,90.5664,66.4203,49.0899,49.0482,49.9101,33.1114,51.2148,48.9314,50.5795,12.7758,48.5371,50.4216,41.7523,50.9278,50.6028,48.2303,51.0889,48.7414,50.0182,47.8212,14.9616,8.11449,48.5528,49.7181,48.026,50.2293,40.3275,52.4812,49.5071,48.8151,47.804,50.7404,49.7765,48.9979,52.4849,47.7922,48.304,48.2608,84.2829,34.1667,43.8001,14.033,49.2672,48.0417,91.3101,17.7973,13.3938,11.8793,23.4983,53.6725,128.411,10.9989,36.3485,16.3699,8.46373,22.3662,430.561,8.00793
1284.75,62360.2,109.351,42.8713,36.6414,21.3381,161.944,99.7863,241.729,28.4111,156.805,71.9302,49.4421,62360.2,78.4214,60.094,148.245,50.9528,169.341,16.2973,62360.2,111.614,208.017,62360.2,62360.2,153.329,107.52,152.08,62360.2,152.77,18.3897,62360.2,151.731,315.309,150.101,201.917,62360.2,151.158,62360.2,149.362,209.671,21.452,8.17371,62360.2,152.165,62360.2,150.565,68.3301,237.364,150.962,62360.2,206.033,148.965,148.048,148.25,238.763,62360.2,62360.2,62360.2,28.952,130.014,90.9712,10.8652,149.658,62360.2,105.686,18.5651,14.3668,17.3599,13.8821,234.535,33.3885,15.9546,53.1964,16.7265,14.0748,13.0946,41.7785,9.60027
79.9694,79.4352,45.4445,96.0641,24.9183,28.7754,80.1749,43.3916,58.9646,20.8135,80.5737,37.164,138.203,78.4214,62360.2,33.4391,170.135,30.4702,151.346,11.3367,78.019,272.681,129.881,77.967,77.6002,80.2359,44.3711,82.1133,77.6135,81.1996,13.2961,76.7915,81.045,61.3103,81.8487,80.8155,76.4015,82.0068,77.2103,80.598,76.414,17.1478,9.79481,76.6207,80.0298,75.9827,80.8386,55.8972,83.7099,79.7893,77.1344,76.4645,81.6473,80.3107,79.1738,83.7546,75.5156,76.3256,76.0582,52.0112,46.356,56.0126,14.4555,79.5041,75.8119,277.561,16.6066,15.4919,12.977,20.0916,85.6339,66.2901,11.8859,48.0714,15.1006,8.69386,19.2906,104.462,9.92938
59.9367,60.2627,137.345,24.6272,96.9014,15.3442,59.7467,155.682,80.7285,56.4878,59.3304,387.466,26.5692,60.094,33.4391,62360.2,42.0533,348.63,43.1083,16.9507,59.9576,38.533,45.5393,60.8039,59.7973,58.461,139.703,57.7486,60.7054,58.1271,18.4634,60.4084,57.8505,75.8125,57.2311,59.2961,61.1798,57.5128,60.5687,57.1908,62.6218,35.2714,14.6831,59.3758,58.141,61.0195,57.5299,47.3474,57.115,57.8019,59.6035,62.5289,56.9188,56.813,57.0151,57.0843,60.8252,60.2146,59.1139,19.1377,112.03,47.3428,10.3047,57.4268,59.9869,36.8835,14.2252,17.1105,24.5307,11.208,55.6644,21.0406,21.7483,43.0517,12.716,18.8138,10.7267,24.1391,13.5709
152.312,151.054,62.4165,60.6855,29.5054,23.8858,153.057,58.8209,91.1079,24.0287,154.04,47.9859,75.1487,148.245,170.135,42.0533,62360.2,37.5152,1179.43,11.3456,147.229,458.581,535.652,147.636,146.198,154.27,60.8448,157.389,146.713,155.873,13.2179,144.664,155.804,98.1367,157.335,154.141,144.162,157.407,145.696,155.405,145.794,19.4069,11.6736,143.852,154.109,143.131,155.642,75.177,159.443,153.871,145.073,146.076,157.176,155.081,153.146,159.622,142.003,143.539,142.533,39.6756,64.8717,65.0941,14.9552,153.55,142.318,443.177,14.967,17.6533,13.8644,18.0816,163.186,47.6123,12.5345,60.9354,13.4919,8.33698,17.4924,64.7725,12.0887
50.9932,51.232,97.901,22.9619,134.171,14.6022,50.8881,107.21,65.1742,67.6914,50.5705,182.579,24.6261,50.9528,30.4702,348.63,37.5152,62360.2,38.2353,16.61,50.799,34.6872,40.1927,51.5945,50.6275,49.9741,99.5661,49.2955,51.4726,49.6529,17.9992,51.1471,49.455,62.0866,48.9295,50.4842,51.838,49.1311,51.3185,48.9696,53.3114,39.5102,16.7142,50.1978,49.7405,51.6666,49.221,43.4632,48.6004,49.4891,50.4273,53.2622,48.7015,48.6863,48.8961,48.5891,51.4657,50.9468,49.9387,18.2129,83.93,41.5827,10.3593,49.2078,50.7173,33.3226,13.3197,17.6974,26.1988,10.9872,47.382,19.924,22.9856,40.4574,11.8979,19.558,10.5581,22.6699,14.4584
173.039,171.802,65.2153,59.0324,29.7544,24.2049,173.586,61.2875,98.0543,24.0822,174.522,49.4093,72.1765,169.341,151.346,43.1083,1179.43,38.2353,62360.2,11.9473,168.392,335.002,969.236,168.416,167.411,174.024,63.6483,178.009,167.574,176.07,13.9117,165.642,175.794,106.748,177.555,174.952,164.853,177.837,166.623,174.941,165.32,19.268,10.8889,165.136,173.636,163.872,175.406,73.9709,181.234,173.171,166.327,165.482,177.176,174.374,171.948,181.358,162.784,164.557,163.836,38.8138,68.8505,69.2842,14.3103,172.608,163.366,323.372,15.8641,16.8106,14.1217,17.8496,185.47,46.2614,12.8226,59.3905,14.3366,9.18019,17.2142,62.0159,11.2329
14.2983,14.7744,16.4409,10.5619,15.7646,9.02767,13.6576,16.6351,16.435,15.3695,13.2067,16.4553,10.798,16.2973,11.3367,16.9507,11.3456,16.61,11.9473,62360.2,16.7167,11.4487,11.8167,15.9664,17.1029,11.6474,17.077,12.2328,16.3923,11.9481,257.41,17.1989,11.5471,16.9229,11.4319,13.8074,16.9061,11.8394,16.8127,10.7519,14.3185,13.4643,3.22648,17.8754,11.2393,17.2924,11.1381,11.7236,13.7505,10.853,17.4892,13.9858,11.0342,10.3629,10.0805,13.5842,17.6796,17.5851,18.2617,6.72818,19.439,17.4824,2.54855,10.4668,17.9714,9.65496,87.4105,8.43503,19.4496,3.73833,13.3184,7.09631,19.4675,11.4652,322.233,22.5119,3.32348,7.50884,7.80595
1248.48,62360.2,109.143,42.7184,36.4708,21.3683,161.709,99.6008,241.482,28.2566,156.018,71.7409,49.2525,62360.2,78.019,59.9576,147.229,50.799,168.392,16.7167,62360.2,110.935,206.713,62360.2,62360.2,152.131,107.391,151.094,62360.2,151.681,18.838,62360.2,150.534,315.199,148.9,197.482,62360.2,150.068,62360.2,147.941,205.078,21.2653,7.34482,62360.2,150.854,62360.2,149.254,66.3119,240.871,149.541,62360.2,201.381,147.654,146.515,146.601,242.241,62360.2,62360.2,62360.2,28.6082,130.343,93.0262,10.5044,148.125,62360.2,104.67,19.0171,13.9062,17.4648,13.5851,237.945,32.9883,16.0807,51.6407,17.141,14.3973,12.7564,41.2604,9.18324
114.298,113.434,55.0063,70.3103,27.7288,25.4796,114.743,52.1469,75.9917,22.8185,115.407,43.4677,90.5664,111.614,272.681,38.533,458.581,34.6872,335.002,11.4487,110.935,62360.2,248.449,111.078,110.239,115.305,53.6639,117.777,110.468,116.575,13.3555,109.091,116.453,80.4621,117.596,115.595,108.639,117.721,109.787,116.013,109.349,18.5751,10.9651,108.64,115.112,107.943,116.26,67.4534,119.622,114.865,109.474,109.502,117.407,115.702,114.185,119.726,107.177,108.327,107.734,43.3838,56.6832,62.3978,14.729,114.557,107.492,39392,15.6367,16.8292,13.6023,18.6963,122.392,53.0358,12.3671,55.9712,14.1351,8.62928,18.0333,75.2428,11.2738
213.179,211.529,70.5332,55.0371,31.0125,23.2056,214.052,66.0393,110.152,24.9703,215.324,52.5516,66.4203,208.017,129.881,45.5393,535.652,40.1927,969.236,11.8167,206.713,248.449,62360.2,207.03,205.379,215.212,68.8024,219.831,205.857,217.585,13.7285,203.216,217.376,121.521,219.531,215.646,202.387,219.746,204.55,216.589,203.874,19.919,11.5785,202.32,214.87,201.053,217.033,78.5806,223.218,214.425,203.916,204.178,219.196,216.022,213.183,223.423,199.586,201.753,200.589,37.093,74.8121,69.5502,14.5455,213.863,200.157,240.87,15.2514,17.512,14.3248,17.4953,228.449,43.911,12.9564,62.455,13.7489,8.95467,16.911,58.0152,11.9879
1320.06,62360.2,110.581,42.5595,37.1627,21.0788,160.452,100.913,244.226,28.8418,155.897,72.8001,49.0899,62360.2,77.967,60.8039,147.636,51.5945,168.416,15.9664,62360.2,111.078,207.03,62360.2,62360.2,152.832,108.671,151.371,62360.2,152.165,18.0094,62360.2,151.234,318.41,149.606,204.867,62360.2,150.554,62360.2,149.086,212.842,21.849,9.09371,62360.2,151.78,62360.2,150.18,70.4136,231.948,150.686,62360.2,209.286,148.58,147.884,148.2,233.365,62360.2,62360.2,62360.2,28.9545,130.919,88.8342,11.1644,149.493,62360.2,105.489,18.0216,14.911,17.4198,13.9951,229.179,33.3983,15.9801,54.8193,16.2149,13.9025,13.2499,41.8101,10.1742
1215.07,62360.2,108.889,42.5524,36.2917,21.384,161.4,99.3733,241.12,28.0967,155.198,71.5253,49.0482,62360.2,77.6002,59.7973,146.198,50.6275,167.411,17.1029,62360.2,110.239,205.379,62360.2,62360.2,150.925,107.21,150.088,62360.2,150.578,19.2509,62360.2,149.328,314.919,147.691,193.333,62360.2,148.963,62360.2,146.525,200.783,21.0785,6.46846,62360.2,149.541,62360.2,147.941,64.4531,244.036,148.125,62360.2,197.032,146.341,144.991,144.968,245.379,62360.2,62360.2,62360.2,28.2682,130.571,94.9188,10.1721,146.602,62360.2,103.656,19.4334,13.482,17.5507,13.2939,241.019,32.5928,16.1863,50.2078,17.5227,14.6764,12.4244,40.749,8.79915
161.961,156.741,106.064,43.1695,36.5758,20.3153,1288.95,96.6841,232.116,28.5695,62360.2,70.2906,49.9101,153.329,80.2359,58.461,154.27,49.9741,174.024,11.6474,152.131,115.305,215.212,152.832,150.925,62360.2,103.35,62360.2,151.732,62360.2,13.4454,149.325,62360.2,300.082,62360.2,248.52,148.931,62360.2,150.531,62360.2,238.854,22.2673,13.4067,148.208,62360.2,147.725,62360.2,90.1969,207.734,62360.2,149.618,236.049,62360.2,62360.2,62360.2,209.547,146.415,148.018,146.691,31.4899,119.362,68.7061,14.8466,62360.2,146.608,112.738,13.7411,19.2881,15.1714,16.2409,212.752,36.357,13.5491,70.0356,12.3151,8.41134,15.7855,45.6591,13.9728
106.71,107.409,62360.2,30.0773,57.1099,17.4173,106.198,1272.82,197.005,39.9251,105.343,219.352,33.1114,107.52,44.3711,139.703,60.8448,99.5661,63.6483,17.077,107.391,53.6639,68.8024,108.671,107.21,103.35,62360.2,102.305,108.611,102.87,18.8694,108.301,102.26,166.524,101.151,105.457,109.572,101.772,108.481,100.847,111.394,27.8348,11.3001,106.672,102.659,109.392,101.568,59.4234,101.655,101.938,106.971,111.137,100.477,100.055,100.296,101.555,109.152,108.062,106.313,22.2034,611.315,66.6014,10.4466,101.151,107.763,51.0727,16.1871,15.971,21.0117,12.0412,99.0201,24.8041,18.988,50.084,14.4946,16.6823,11.4397,29.2505,11.8219
158.883,154.753,104.863,44.306,35.9768,21.0853,1354.16,95.5898,229.89,28.0616,62360.2,69.3922,51.2148,152.08,82.1133,57.7486,157.389,49.2955,178.009,12.2328,151.094,117.777,219.831,151.371,150.088,62360.2,102.305,62360.2,150.482,62360.2,14.1267,148.488,62360.2,297.567,62360.2,238.07,147.894,62360.2,149.494,62360.2,228.576,21.7632,12.4041,147.784,62360.2,146.888,62360.2,86.295,213.355,62360.2,148.985,225.707,62360.2,62360.2,62360.2,215.091,145.782,147.385,146.481,31.9324,119.133,72.6291,14.2933,62360.2,146.184,114.639,14.7482,18.2577,15.2881,16.3192,218.476,36.8525,13.7357,66.9939,13.2637,9.39056,15.8079,46.2467,12.8668
1283.28,62360.2,110.44,42.4334,37.0148,21.1234,160.316,100.79,244.132,28.7051,155.207,72.6556,48.9314,62360.2,77.6135,60.7054,146.713,51.4726,167.574,16.3923,62360.2,110.468,205.857,62360.2,62360.2,151.732,108.611,150.482,62360.2,151.173,18.4647,62360.2,150.134,318.506,148.503,200.466,62360.2,149.561,62360.2,147.765,208.283,21.6761,8.34856,62360.2,150.568,62360.2,148.968,68.364,235.555,149.365,62360.2,204.667,147.368,146.452,146.654,236.943,62360.2,62360.2,62360.2,28.6316,131.34,90.9211,10.798,148.061,62360.2,104.544,18.4806,14.4433,17.5391,13.7127,232.687,33.0222,16.1206,53.2394,16.6359,14.2524,12.9285,41.3223,9.75066
160.465,155.804,105.504,43.7525,36.2881,20.7102,1322.25,96.1744,231.097,28.3245,62360.2,69.8672,50.5795,152.77,81.1996,58.1271,155.873,49.6529,176.07,11.9481,151.681,116.575,217.585,152.165,150.578,62360.2,102.87,62360.2,151.173,62360.2,13.7944,148.978,62360.2,298.956,62360.2,243.247,148.482,62360.2,150.082,62360.2,233.669,22.0211,12.91,148.073,62360.2,147.378,62360.2,88.2178,210.681,62360.2,149.376,230.831,62360.2,62360.2,62360.2,212.455,146.173,147.776,146.667,31.7187,119.313,70.7043,14.5651,62360.2,146.473,113.718,14.253,18.7667,15.2413,16.2834,215.751,36.6133,13.6548,68.4931,12.7972,8.94469,15.7999,45.9634,13.4154
16.2649,16.7615,18.2536,12.4997,16.8709,10.7584,15.5821,18.4033,18.414,16.1845,15.1125,18.0756,12.7758,18.3897,13.2961,18.4634,13.2179,17.9992,13.9117,257.41,18.838,13.3555,13.7285,18.0094,19.2509,13.4454,18.8694,14.1267,18.4647,13.7944,62360.2,19.327,13.3656,18.9119,13.2705,15.765,18.9879,13.7061,18.9141,12.5155,16.1689,14.0163,4.08535,20.0768,13.0091,19.4008,12.9284,13.0892,15.8086,12.5962,19.6639,15.8133,12.8453,12.0997,11.7702,15.6308,19.8148,19.7399,20.4897,8.2669,21.4131,20.4454,4.2146,12.1832,20.1529,11.4605,1268.86,8.79376,19.3311,4.81215,15.4167,8.66473,19.2005,12.6947,111.581,22.0558,4.33833,9.10509,7.8549
1213.6,62360.2,109.978,42.1142,36.6647,21.1693,159.763,100.377,243.524,28.3904,153.598,72.2503,48.5371,62360.2,76.7915,60.4084,144.664,51.1471,165.642,17.1989,62360.2,109.091,203.216,62360.2,62360.2,149.325,108.301,148.488,62360.2,148.978,19.327,62360.2,147.728,318.116,146.091,191.927,62360.2,147.363,62360.2,144.925,199.44,21.3022,6.64148,62360.2,147.941,62360.2,146.341,64.4822,242.179,146.525,62360.2,195.712,144.741,143.391,143.368,243.51,62360.2,62360.2,62360.2,27.9471,131.897,94.8735,10.1041,145.002,62360.2,102.512,19.3499,13.5573,17.7302,13.1238,239.123,32.2255,16.3526,50.2471,17.4331,14.8548,12.2575,40.2916,8.94856
160.333,155.142,104.977,43.608,36.203,20.5304,1287.48,95.6817,229.716,28.276,62360.2,69.5663,50.4216,151.731,81.045,57.8505,155.804,49.455,175.794,11.5471,150.534,116.453,217.376,151.234,149.328,62360.2,102.26,62360.2,150.134,62360.2,13.3656,147.728,62360.2,296.889,62360.2,246.762,147.334,62360.2,148.934,62360.2,237.034,22.0436,13.233,146.611,62360.2,146.128,62360.2,90.1479,206.356,62360.2,148.021,234.252,62360.2,62360.2,62360.2,208.158,144.818,146.421,145.094,31.8108,118.038,68.7391,14.9101,62360.2,145.011,113.882,13.8208,19.2072,14.9924,16.4108,211.389,36.7241,13.3834,69.9809,12.4008,8.23445,15.9521,46.1162,13.8142
311.679,314.006,169.146,36.9385,42.3335,19.5915,309.765,148.37,992.918,31.9379,306.991,94.9107,41.7523,315.309,61.3103,75.8125,98.1367,62.0866,106.748,16.9229,315.199,80.4621,121.521,318.41,314.919,300.082,166.524,297.567,318.506,298.956,18.9119,318.116,296.889,62360.2,293.631,307.748,321.593,295.735,318.396,292.173,325.147,23.5545,9.04309,313.841,297.765,321.313,294.568,67.0647,296.82,295.37,314.466,324.175,291.371,289.559,289.972,296.419,320.859,317.664,313.042,25.7388,226.724,86.1553,10.4991,292.775,317.038,76.1729,17.8501,14.8454,18.7675,12.8697,288.99,29.3044,17.1743,52.9904,16.0268,15.2693,12.1412,35.7688,10.3591
158.7,153.522,103.872,44.0417,35.8273,20.7398,1284.8,94.6634,227.271,27.9807,62360.2,68.8321,50.9278,150.101,81.8487,57.2311,157.335,48.9295,177.555,11.4319,148.9,117.596,219.531,149.606,147.691,62360.2,101.151,62360.2,148.503,62360.2,13.2705,146.091,62360.2,293.631,62360.2,245.098,145.7,62360.2,147.3,62360.2,235.303,21.8204,13.0689,144.968,62360.2,144.491,62360.2,90.1494,204.835,62360.2,146.382,232.545,62360.2,62360.2,62360.2,206.626,143.178,144.782,143.448,32.1343,116.674,68.7045,14.9823,62360.2,143.368,115.03,13.885,19.1373,14.8057,16.5844,209.883,37.0942,13.2093,69.9651,12.4721,8.03482,16.1232,46.5774,13.6633
252.109,217.417,107.737,43.8131,36.6342,21.2089,209.528,98.2616,236.969,28.5149,234.377,71.1358,50.6028,201.917,80.8155,59.2961,154.141,50.4842,174.952,13.8074,197.482,115.595,215.646,204.867,193.333,248.52,105.457,238.07,200.466,243.247,15.765,191.927,246.762,307.748,245.098,62360.2,194.605,241.555,196.05,253.536,62360.2,21.8982,11.2862,184.848,252.057,190.509,250.278,79.602,157.692,255.341,189.122,62360.2,248.488,256.753,261.722,159.292,186.341,187.742,180.511,30.87,124.726,79.4892,12.9803,258.563,183.495,111.446,16.1403,16.8437,16.2851,15.4624,159.113,35.618,14.7828,61.862,14.5203,11.5594,14.8617,44.6551,11.7274
1245.32,62360.2,111.32,41.8421,37.2168,20.9389,158.444,101.608,246.289,28.8439,152.818,73.191,48.2303,62360.2,76.4015,61.1798,144.162,51.838,164.853,16.9061,62360.2,108.639,202.387,62360.2,62360.2,148.931,109.572,147.894,62360.2,148.482,18.9879,62360.2,147.334,321.593,145.7,194.605,62360.2,146.868,62360.2,144.741,202.327,21.7125,7.69084,62360.2,147.654,62360.2,146.054,66.3621,237.2,146.341,62360.2,198.676,144.454,143.315,143.402,238.547,62360.2,62360.2,62360.2,27.9659,132.996,92.9275,10.3664,144.925,62360.2,102.381,18.8477,14.0546,17.8238,13.2449,234.196,32.2538,16.4132,51.713,16.9593,14.7542,12.4226,40.3458,9.47809
158.84,154.196,104.409,44.1891,35.9142,20.9228,1320.1,95.1652,228.678,28.0304,62360.2,69.1387,51.0889,151.158,82.0068,57.5128,157.407,49.1311,177.837,11.8394,150.068,117.721,219.746,150.554,148.963,62360.2,101.772,62360.2,149.561,62360.2,13.7061,147.363,62360.2,295.735,62360.2,241.555,146.868,62360.2,148.468,62360.2,231.914,21.7978,12.7411,146.456,62360.2,145.763,62360.2,88.1885,209.203,62360.2,147.76,229.1,62360.2,62360.2,62360.2,210.965,144.557,146.16,145.049,32.041,117.972,70.7011,14.6317,62360.2,144.856,114.864,14.3242,18.6898,15.0589,16.4551,214.288,36.9821,13.4853,68.4535,12.8749,8.75797,15.9687,46.4228,13.2581
1246.97,62360.2,110.231,42.2803,36.8438,21.1536,160.077,100.604,243.886,28.5503,154.418,72.466,48.7414,62360.2,77.2103,60.5687,145.696,51.3185,166.623,16.8127,62360.2,109.787,204.55,62360.2,62360.2,150.531,108.481,149.494,62360.2,150.082,18.9141,62360.2,148.934,318.396,147.3,196.05,62360.2,148.468,62360.2,146.341,203.708,21.4889,7.51785,62360.2,149.254,62360.2,147.654,66.341,239.041,147.941,62360.2,200.035,146.054,144.915,145.002,240.4,62360.2,62360.2,62360.2,28.2871,131.67,92.9809,10.4364,146.525,62360.2,103.525,18.9336,13.9816,17.6443,13.415,236.076,32.6211,16.2469,51.68,17.0514,14.5758,12.5895,40.8031,9.33264
159.789,153.541,103.731,43.2436,35.9693,20.1292,1218.49,94.52,226.522,28.129,62360.2,68.8386,50.0182,149.362,80.598,57.1908,155.405,48.9696,174.941,10.7519,147.941,116.013,216.589,149.086,146.525,62360.2,100.847,62360.2,147.765,62360.2,12.5155,144.925,62360.2,292.173,62360.2,253.536,144.741,62360.2,146.341,62360.2,243.507,22.05,13.8169,143.369,62360.2,143.325,62360.2,93.975,197.581,62360.2,145.002,240.836,62360.2,62360.2,62360.2,199.438,141.798,143.402,141.622,31.9378,115.218,64.8424,15.5943,62360.2,141.769,114.013,12.9637,20.0807,14.4498,16.6307,202.541,36.8798,12.7926,72.931,11.6147,6.55057,16.2199,46.3392,14.605
262.74,225.736,113.663,41.4286,38.6642,20.0405,202.357,103.723,250.048,30.1129,225.291,75.0815,47.8212,209.671,76.414,62.6218,145.794,53.3114,165.32,14.3185,205.078,109.349,203.874,212.842,200.783,238.854,111.394,228.576,208.283,233.669,16.1689,199.44,237.034,325.147,235.303,62360.2,202.327,231.914,203.708,243.507,62360.2,23.1151,12.2277,192.002,242.238,198.085,240.397,79.7235,157.137,245.376,196.424,62360.2,238.544,246.576,251.462,158.737,193.77,195.109,187.516,29.1223,131.946,79.2056,12.601,248.45,190.714,105.218,15.6747,17.2433,17.2619,14.5366,158.355,33.6193,15.6875,62.0475,14.0212,12.5306,13.9533,42.1662,12.5232
22.0097,21.9956,27.4979,14.3658,56.2156,10.1305,22.1347,28.3853,23.8621,95.6658,22.1066,32.124,14.9616,21.452,17.1478,35.2714,19.4069,39.5102,19.268,13.4643,21.2653,18.5751,19.919,21.849,21.0785,22.2673,27.8348,21.7632,21.6761,22.0211,14.0163,21.3022,22.0436,23.5545,21.8204,21.8982,21.7125,21.7978,21.4889,22.05,23.1151,62360.2,61.642,20.6608,22.2769,21.5258,22.0533,23.2154,20.9978,22.2737,20.8772,23.1832,21.8297,22.0347,22.2312,21.0378,21.3239,21.1008,20.4289,12.8304,25.1964,19.2274,9.66424,22.2584,20.8844,18.2588,8.09064,19.2068,76.1019,9.20793,20.5182,13.6603,52.0474,23.5024,7.21627,37.5743,9.04179,14.893,18.7765
10.9837,10.525,11.7568,7.79263,22.6615,2.9985,11.6865,12.0817,9.68887,31.0514,12.027,14.0329,8.11449,8.17371,9.79481,14.6831,11.6736,16.7142,10.8889,3.22648,7.34482,10.9651,11.5785,9.09371,6.46846,13.4067,11.3001,12.4041,8.34856,12.91,4.08535,6.64148,13.233,9.04309,13.0689,11.2862,7.69084,12.7411,7.51785,13.8169,12.2277,61.642,62360.2,4.13104,13.7153,6.81448,13.5423,15.0882,10.2674,13.9898,5.43343,12.5879,13.3693,14.0771,14.4917,10.4614,5.7765,5.60646,2.17649,9.27477,3.74452,7.77375,9.64918,14.2484,4.30402,11.8529,1.69342,21.8534,0,7.84708,10.0594,9.85839,0,16.2082,1.32899,0,8.00317,10.7385,23.6603
1148.22,62360.2,108.203,42.1461,35.8687,21.3808,160.507,98.7535,240.006,27.725,153.278,70.9735,48.5528,62360.2,76.6207,59.3758,143.852,50.1978,165.136,17.8754,62360.2,108.64,202.32,62360.2,62360.2,148.208,106.672,147.784,62360.2,148.073,20.0768,62360.2,146.611,313.841,144.968,184.848,62360.2,146.456,62360.2,143.369,192.002,20.6608,4.13104,62360.2,146.602,62360.2,145.002,60.7355,250.176,144.969,62360.2,188.141,143.402,141.609,141.357,251.465,62360.2,62360.2,62360.2,27.5175,130.812,98.7041,9.50758,143.222,62360.2,101.398,20.2659,12.6336,17.6921,12.656,246.977,31.72,16.3683,47.3421,18.2863,15.1864,11.6948,39.6221,8.03097
161.733,155.967,105.459,42.9954,36.4667,20.1169,1253.51,96.1188,230.553,28.5025,62360.2,69.939,49.7181,152.165,80.0298,58.141,154.109,49.7405,173.636,11.2393,150.854,115.112,214.87,151.78,149.541,62360.2,102.659,62360.2,150.568,62360.2,13.0091,147.941,62360.2,297.765,62360.2,252.057,147.654,62360.2,149.254,62360.2,242.238,22.2769,13.7153,146.602,62360.2,146.341,62360.2,92.1612,203.235,62360.2,148.125,239.489,62360.2,62360.2,62360.2,205.076,144.921,146.525,144.969,31.5642,117.964,66.706,15.1978,62360.2,145.002,112.838,13.3012,19.7364,14.9013,16.3592,208.215,36.4475,13.255,71.5497,11.9116,7.60176,15.9285,45.7867,14.3787
1211.98,62360.2,111.067,41.676,37.0377,20.9546,158.126,101.38,245.927,28.684,151.998,72.9753,48.026,62360.2,75.9827,61.0195,143.131,51.6666,163.872,17.2924,62360.2,107.943,201.053,62360.2,62360.2,147.725,109.392,146.888,62360.2,147.378,19.4008,62360.2,146.128,321.313,144.491,190.509,62360.2,145.763,62360.2,143.325,198.085,21.5258,6.81448,62360.2,146.341,62360.2,144.741,64.5032,240.31,144.925,62360.2,194.381,143.141,141.791,141.768,241.63,62360.2,62360.2,62360.2,27.6259,133.224,94.8201,10.0341,143.402,62360.2,101.368,19.264,13.6304,17.9097,12.9537,237.215,31.8582,16.5188,50.2802,17.3411,15.0333,12.0906,39.8343,9.094
160.101,154.367,104.37,43.4336,36.0937,20.3316,1252,95.1153,228.149,28.2088,62360.2,69.214,50.2293,150.565,80.8386,57.5299,155.642,49.221,175.406,11.1381,149.254,116.26,217.033,150.18,147.941,62360.2,101.568,62360.2,148.968,62360.2,12.9284,146.341,62360.2,294.568,62360.2,250.278,146.054,62360.2,147.654,62360.2,240.397,22.0533,13.5423,145.002,62360.2,144.741,62360.2,92.1162,201.876,62360.2,146.525,237.671,62360.2,62360.2,62360.2,203.706,143.321,144.925,143.369,31.8854,116.637,66.735,15.262,62360.2,143.402,113.982,13.38,19.6564,14.7218,16.5293,206.872,36.8147,13.0887,71.4981,11.9965,7.42331,16.0954,46.244,14.2209
77.718,75.6592,61.6639,36.1145,35.2032,18.2395,80.7595,59.5468,68.2832,28.672,82.6926,53.0167,40.3275,68.3301,55.8972,47.3474,75.177,43.4632,73.9709,11.7236,66.3119,67.4534,78.5806,70.4136,64.4531,90.1969,59.4234,86.295,68.364,88.2178,13.0892,64.4822,90.1479,67.0647,90.1494,79.602,66.3621,88.1885,66.341,93.975,79.7235,23.2154,15.0882,60.7355,92.1612,64.5032,92.1162,62360.2,77.7854,94.02,62.5943,81.324,92.0632,95.8467,97.7378,78.5856,62.6396,62.6234,58.8767,29.6956,53.4949,38.8389,15.5101,95.8788,60.7645,71.6456,12.6539,22.5863,15.2912,15.687,78.393,34.032,13.7843,273.474,11.4889,9.45435,15.2987,41.9075,16.0078
200.742,224.017,103.878,45.4308,35.2355,22.0859,260.876,94.7105,228.623,27.3987,224.286,68.5267,52.4812,237.364,83.7099,57.115,159.443,48.6004,181.234,13.7505,240.871,119.622,223.218,231.948,244.036,207.734,101.655,213.355,235.555,210.681,15.8086,242.179,206.356,296.82,204.835,157.692,237.2,209.203,239.041,197.581,157.137,20.9978,10.2674,250.176,203.235,240.31,201.876,77.7854,62360.2,198.912,247.138,153.937,200.506,193.192,190.076,62360.2,243.365,245.254,253.151,31.8876,120.504,81.1742,12.9189,194.526,248.265,115.216,16.7741,16.169,15.7673,15.9282,62360.2,36.777,14.33,60.3991,15.1468,11.2794,15.2917,46.0851,10.7874
161.426,155.141,104.82,42.8054,36.3423,19.9146,1219.97,95.5235,228.925,28.4226,62360.2,69.5636,49.5071,150.962,79.7893,57.8019,153.871,49.4891,173.171,10.853,149.541,114.865,214.425,150.686,148.125,62360.2,101.938,62360.2,149.365,62360.2,12.5962,146.525,62360.2,295.37,62360.2,255.341,146.341,62360.2,147.941,62360.2,245.376,22.2737,13.9898,144.969,62360.2,144.925,62360.2,94.02,198.912,62360.2,146.602,242.681,62360.2,62360.2,62360.2,200.781,143.398,145.002,143.222,31.6167,116.545,64.8134,15.53,62360.2,143.369,112.868,12.8849,20.1606,14.6293,16.4606,203.856,36.5126,12.9589,72.9826,11.5299,6.72903,16.053,45.8818,14.7627
1181.65,62360.2,108.576,42.3617,36.0911,21.3881,160.999,99.091,240.629,27.9196,154.285,71.2696,48.8151,62360.2,77.1344,59.6035,145.073,50.4273,166.327,17.4892,62360.2,109.474,203.916,62360.2,62360.2,149.618,106.971,148.985,62360.2,149.376,19.6639,62360.2,148.021,314.466,146.382,189.122,62360.2,147.76,62360.2,145.002,196.424,20.8772,5.43343,62360.2,148.125,62360.2,146.525,62.5943,247.138,146.602,62360.2,192.619,144.925,143.357,143.221,248.454,62360.2,62360.2,62360.2,27.9049,130.727,96.8114,9.83985,144.969,62360.2,102.567,19.8496,13.0578,17.6265,12.9847,244.03,32.1703,16.2821,48.7749,17.9045,14.9391,12.0712,40.2033,8.41506
259.319,222.307,113.47,41.4064,38.6749,19.9447,199.257,103.54,249.451,30.1365,222.271,74.9928,47.804,206.033,76.4645,62.5289,146.076,53.2622,165.482,13.9858,201.381,109.502,204.178,209.286,197.032,236.049,111.137,225.707,204.667,230.831,15.8133,195.712,234.252,324.175,232.545,62360.2,198.676,229.1,200.035,240.836,62360.2,23.1832,12.5879,188.141,239.489,194.381,237.671,81.324,153.937,242.681,192.619,62360.2,235.841,243.959,248.876,155.537,190.011,191.327,183.599,29.273,131.226,77.5762,12.8872,245.81,186.877,105.612,15.3165,17.6084,17.11,14.688,155.155,33.7962,15.5192,63.2812,13.6927,12.1309,14.128,42.3996,12.8536
158.468,152.767,103.281,43.8717,35.7207,20.5463,1250.35,94.1118,225.746,27.9152,62360.2,68.489,50.7404,148.965,81.6473,56.9188,157.176,48.7015,177.176,11.0342,147.654,117.407,219.196,148.58,146.341,62360.2,100.477,62360.2,147.368,62360.2,12.8453,144.741,62360.2,291.371,62360.2,248.488,144.454,62360.2,146.054,62360.2,238.544,21.8297,13.3693,143.402,62360.2,143.141,62360.2,92.0632,200.506,62360.2,144.925,235.841,62360.2,62360.2,62360.2,202.324,141.721,143.325,141.769,32.2065,115.311,66.7559,15.3243,62360.2,141.802,115.126,13.4564,19.5741,14.5423,16.6994,205.517,37.182,12.9225,71.4403,12.0791,7.24487,16.2623,46.7014,14.0587
159.383,152.616,103.023,43.0271,35.823,19.9106,1184.74,93.8603,224.734,28.0322,62360.2,68.418,49.7765,148.048,80.3107,56.813,155.081,48.6863,174.374,10.3629,146.515,115.702,216.022,147.884,144.991,62360.2,100.055,62360.2,146.452,62360.2,12.0997,143.391,62360.2,289.559,62360.2,256.753,143.315,62360.2,144.915,62360.2,246.576,22.0347,14.0771,141.609,62360.2,141.791,62360.2,95.8467,193.192,62360.2,143.357,243.959,62360.2,62360.2,62360.2,195.076,140.152,141.757,139.743,31.9732,113.692,62.9366,15.9288,62360.2,140.009,113.982,12.5445,20.5078,14.1589,16.7228,198.115,36.9253,12.4759,74.3738,11.2303,5.5223,16.335,46.41,14.9918
160.537,153.209,103.347,42.3502,36.031,19.4652,1152.84,94.1525,225.225,28.2142,62360.2,68.6855,48.9979,148.25,79.1738,57.0151,153.146,48.8961,171.948,10.0805,146.601,114.185,213.183,148.2,144.968,62360.2,100.296,62360.2,146.654,62360.2,11.7702,143.368,62360.2,289.972,62360.2,261.722,143.402,62360.2,145.002,62360.2,251.462,22.2312,14.4917,141.357,62360.2,141.768,62360.2,97.7378,190.076,62360.2,143.221,248.876,62360.2,62360.2,62360.2,192,140.017,141.621,139.369,31.6698,113.413,61.0279,16.1946,62360.2,139.757,112.746,12.0523,21.0091,14.0337,16.6338,194.947,36.5834,12.3099,75.8485,10.7663,4.45017,16.2715,45.998,15.531
202.289,225.521,103.81,45.4303,35.2505,22.0435,262.577,94.6449,228.387,27.4181,225.992,68.501,52.4849,238.763,83.7546,57.0843,159.622,48.5891,181.358,13.5842,242.241,119.726,223.423,233.365,245.379,209.547,101.555,215.091,236.943,212.455,15.6308,243.51,208.158,296.419,206.626,159.292,238.547,210.965,240.4,199.438,158.737,21.0378,10.4614,251.465,205.076,241.63,203.706,78.5856,62360.2,200.781,248.454,155.537,202.324,195.076,192,62360.2,244.658,246.558,254.411,31.9714,120.182,80.3594,13.0619,196.422,249.541,115.443,16.5949,16.3516,15.6971,16.0094,62360.2,36.8753,14.2517,61.0159,14.9825,11.0938,15.3851,46.2141,10.9528
1178.55,62360.2,110.753,41.4848,36.8366,20.9588,157.716,101.097,245.434,28.5064,151.083,72.7189,47.7922,62360.2,75.5156,60.8252,142.003,51.4657,162.784,17.6796,62360.2,107.177,199.586,62360.2,62360.2,146.415,109.152,145.782,62360.2,146.173,19.8148,62360.2,144.818,320.859,143.178,186.341,62360.2,144.557,62360.2,141.798,193.77,21.3239,5.7765,62360.2,144.921,62360.2,143.321,62.6396,243.365,143.398,62360.2,190.011,141.721,140.152,140.017,244.658,62360.2,62360.2,62360.2,27.2617,133.38,96.7176,9.701,141.764,62360.2,100.275,19.6813,13.2051,17.9856,12.6436,240.179,31.4347,16.6148,48.8436,17.7238,15.2967,11.7364,39.2872,8.70892
1180.21,62360.2,109.665,41.9235,36.4641,21.1734,159.358,100.095,243.032,28.2132,152.685,71.9946,48.304,62360.2,76.3256,60.2146,143.539,50.9468,164.557,17.5851,62360.2,108.327,201.753,62360.2,62360.2,148.018,108.062,147.385,62360.2,147.776,19.7399,62360.2,146.421,317.664,144.782,187.742,62360.2,146.16,62360.2,143.402,195.109,21.1008,5.60646,62360.2,146.525,62360.2,144.925,62.6234,245.254,145.002,62360.2,191.327,143.325,141.757,141.621,246.558,62360.2,62360.2,62360.2,27.5838,132.053,96.7661,9.77183,143.369,62360.2,101.422,19.7661,13.1331,17.8059,12.8145,242.106,31.8031,16.4484,48.8142,17.8149,15.1176,11.9043,39.746,8.56447
1114.78,62360.2,107.769,41.9052,35.6241,21.3619,159.921,98.3601,239.251,27.5124,152.174,70.6364,48.2608,62360.2,76.0582,59.1139,142.533,49.9387,163.836,18.2617,62360.2,107.734,200.589,62360.2,62360.2,146.691,106.313,146.481,62360.2,146.667,20.4897,62360.2,145.094,313.042,143.448,180.511,62360.2,145.049,62360.2,141.622,187.516,20.4289,2.17649,62360.2,144.969,62360.2,143.369,58.8767,253.151,143.222,62360.2,183.599,141.769,139.743,139.369,254.411,62360.2,62360.2,62360.2,27.1048,130.826,100.597,9.17531,141.357,62360.2,100.149,20.6822,12.2094,17.7479,12.3065,249.858,31.2405,16.4449,45.9092,18.668,15.4189,11.2929,39.0038,7.64688
30.3758,29.9907,22.9407,115.83,16.2786,59.6196,30.7075,22.2397,25.8522,14.3965,31.024,20.5576,84.2829,28.952,52.0112,19.1377,39.6756,18.2129,38.8138,6.72818,28.6082,43.3838,37.093,28.9545,28.2682,31.4899,22.2034,31.9324,28.6316,31.7187,8.2669,27.9471,31.8108,25.7388,32.1343,30.87,27.9659,32.041,28.2871,31.9378,29.1223,12.8304,9.27477,27.5175,31.5642,27.6259,31.8854,29.6956,31.8876,31.6167,27.9049,29.273,32.2065,31.9732,31.6698,31.9714,27.2617,27.5838,27.1048,62360.2,21.4092,26.6912,17.5123,31.6519,27.1963,44.8424,13.3854,14.0351,8.66093,36.1811,32.7176,254.691,7.76737,28.3523,12.4168,2.08364,34.6869,106.325,8.25109
126.731,128.096,614.524,30.8993,50.7058,18.0228,125.342,412.653,289.149,36.174,123.801,159.21,34.1667,130.014,46.356,112.03,64.8717,83.93,68.8505,19.439,130.343,56.6832,74.8121,130.919,130.571,119.362,611.315,119.133,131.34,119.313,21.4131,131.897,118.038,226.724,116.674,124.726,132.996,117.972,131.67,115.218,131.946,25.1964,3.74452,130.812,117.964,133.224,116.637,53.4949,120.504,116.545,130.727,131.226,115.311,113.692,113.413,120.182,133.38,132.053,130.826,21.4092,62360.2,79.3675,8.63408,115.029,132.138,52.7471,18.8746,13.0921,20.9214,10.7034,117.1,24.0092,19.1553,43.9942,16.9539,18.147,9.84649,28.4682,8.94693
81.4144,83.5088,66.0094,39.6141,31.4613,22.3828,78.3175,63.5136,82.259,25.1571,76.3469,52.6983,43.8001,90.9712,56.0126,47.3428,65.0941,41.5827,69.2842,17.4824,93.0262,62.3978,69.5502,88.8342,94.9188,68.7061,66.6014,72.6291,90.9211,70.7043,20.4454,94.8735,68.7391,86.1553,68.7045,79.4892,92.9275,70.7011,92.9809,64.8424,79.2056,19.2274,7.77375,98.7041,66.706,94.8201,66.735,38.8389,81.1742,64.8134,96.8114,77.5762,66.7559,62.9366,61.0279,80.3594,96.7176,96.7661,100.597,26.6912,79.3675,62360.2,10.8688,62.9207,98.6588,55.5959,21.7351,13.0578,16.7793,14.0022,80.3379,29.6759,15.4632,34.0229,19.1818,13.8909,13.2357,34.4406,8.82733
12.5768,12.1753,10.9937,13.962,10.3521,11.1709,13.1264,10.8053,10.9436,9.71762,13.5052,10.8295,14.033,10.8652,14.4555,10.3047,14.9552,10.3593,14.3103,2.54855,10.5044,14.729,14.5455,11.1644,10.1721,14.8466,10.4466,14.2933,10.798,14.5651,4.2146,10.1041,14.9101,10.4991,14.9823,12.9803,10.3664,14.6317,10.4364,15.5943,12.601,9.66424,9.64918,9.50758,15.1978,10.0341,15.262,15.5101,12.9189,15.53,9.83985,12.8872,15.3243,15.9288,16.1946,13.0619,9.701,9.77183,9.17531,17.5123,8.63408,10.8688,62360.2,15.8623,9.43955,16.3592,7.76571,38.2183,4.73086,17.2963,13.1913,17.7139,4.15526,16.1179,7.53356,1.49505,17.7205,17.9385,0
161.027,154.223,104.117,42.5905,36.1971,19.6975,1186.41,94.8685,227.15,28.3266,62360.2,69.146,49.2672,149.658,79.5041,57.4268,153.55,49.2078,172.608,10.4668,148.125,114.557,213.863,149.493,146.602,62360.2,101.151,62360.2,148.061,62360.2,12.1832,145.002,62360.2,292.775,62360.2,258.563,144.925,62360.2,146.525,62360.2,248.45,22.2584,14.2484,143.222,62360.2,143.402,62360.2,95.8788,194.526,62360.2,144.969,245.81,62360.2,62360.2,62360.2,196.422,141.764,143.369,141.357,31.6519,115.029,62.9207,15.8623,62360.2,141.622,112.838,12.4687,20.5848,14.3404,16.5521,199.434,36.5578,12.6443,74.4155,11.1481,5.70852,16.1673,45.9522,15.1468
