59960,1381.6,162.125,85.7697,34.2488,162.29,18.0576,162.368,153.385,16.655,1313.5,88.2854,35.2954,66.2185,1345.23,44.605,14.6841,187.651,39.5724,57.0516,62.0084,1281.72,162.358,160.625,1219.73,1186.38,157.373,1248.46,138.406,1217.71,162.256,1154.63,158.784,1215.87,159,13.8001,1183.23,162.053,161.769,14.3061,162.485,12.7861,20.3982,201.384,1153.17,161.394,15.2552,1122.88,160.419,261.419,198.248,1151.56,160.13,263.137,158.1,158.491,160.928,198.278,1119.88,1121.45,1091.11,159.734,1089.71,199.836,17.8567,34.7013,244.08,160.367,196.722,264.853,1059.33,15.7247,17.1053,14.1627,15.6067,195.001,11.7756,10.415,13.6617,13.4128
1381.6,59960,158.878,86.2601,34.354,158.529,18.0829,158.091,154.389,16.6018,58569.4,88.7973,35.1318,65.7484,59960,44.3431,15.1574,188.902,39.3391,57.3213,61.5654,57177.3,157.554,155.311,54336.7,52880.8,156.099,55720.7,137.277,54311.8,156.919,51495.1,152.967,54294.2,153.731,13.3056,52866,156.168,155.364,13.8182,158.664,12.9951,20.8967,224.518,51490.7,154.467,15.721,50109.4,154.567,223.484,220.56,51480.4,153.763,225.201,151.249,152.162,153.476,221.489,50094.8,50105.1,48723.7,152.829,48719.2,223.011,17.4421,34.2358,246.638,152.388,219.077,226.917,47338,15.3804,17.4874,14.6075,15.3117,216.486,11.2273,9.87615,13.9677,13.7069
162.125,158.878,59960,84.8843,34.1378,59960,17.7966,59960,151.465,16.872,155.254,87.3595,35.3726,66.7896,155.616,44.8474,13.5246,185.253,39.7861,56.6149,62.5442,154.803,59960,59960,156.799,156.038,159.132,154.236,139.963,155.189,59960,155.221,59960,153.585,59960,14.9984,152.838,59960,59960,15.497,172.091,12.0238,19.1125,226.094,153.621,59960,14.1046,154.31,59960,222.18,229.551,152.021,59960,223.697,59960,59960,59960,222.674,151.11,152.71,153.305,59960,151.705,224.389,18.9811,35.5511,238.478,59960,227.82,225.191,152.204,16.4255,16.0632,13.0164,16.1937,232.99,12.951,11.5708,12.9038,12.685
85.7697,86.2601,84.8843,59960,57.8254,84.6313,14.9243,84.3295,195.057,20.6088,88.0197,2278.15,24.806,36.7551,87.9849,29.0099,17.6029,158.745,26.6908,174.066,35.2532,88.0082,83.9729,82.6999,86.1238,85.962,54.1803,87.9465,51.3777,86.9796,83.5623,85.7603,81.3717,87.8366,81.8553,10.6455,87.6774,83.0871,82.5862,11.2391,65.2673,11.1828,21.8409,81.774,86.618,82.0343,17.9289,85.5118,82.2294,89.386,79.7808,87.4757,81.7284,89.4648,80.3092,80.8705,81.4305,81.8703,87.2272,86.3695,85.2159,81.1537,86.0735,81.8272,17.3488,23.7226,129.579,80.7732,79.833,89.5412,84.8722,12.3697,16.7034,19.2884,12.4749,77.761,8.75392,7.74994,17.579,17.1141
34.2488,34.354,34.1378,57.8254,59960,34.13,11.1757,34.1031,44.1192,34.7834,34.9727,56.9103,16.9912,22.2024,35.0535,19.0111,16.6629,42.186,17.9067,88.5578,21.5507,34.8726,34.0562,33.6385,33.9068,33.7389,27.6746,34.7471,26.7858,34.2543,33.989,33.5586,33.1998,34.6032,33.2911,8.86301,34.4383,33.8992,33.7945,9.51329,31.8628,7.80502,18.1816,32.6751,33.9082,33.6705,16.6874,33.3579,33.5495,35.9005,31.8624,34.2579,33.4448,35.8919,32.9689,33.0951,33.5269,32.6331,34.0573,33.7076,33.1366,33.3155,33.4862,32.6561,18.5236,16.8654,38.5581,33.3635,31.8431,35.8824,32.8941,10.4127,12.567,29.4927,10.4584,31.039,8.24023,7.57763,25.0024,23.8961
162.29,158.529,59960,84.6313,34.13,59960,17.639,59960,150.883,16.9695,154.804,87.0943,35.2969,66.8089,155.254,44.8069,13.1093,184.525,39.7484,56.5053,62.5608,154.264,59960,59960,156.075,155.219,159.327,153.604,140.135,154.464,59960,154.308,59960,152.86,59960,15.425,152.019,59960,59960,15.9235,175.592,11.6644,18.6333,222.107,152.708,59960,13.6897,153.303,59960,225.695,225.501,151.108,59960,227.186,59960,59960,59960,218.634,150.103,151.703,152.201,59960,150.601,220.374,19.4159,35.7617,236.569,59960,223.744,228.653,151.001,16.6295,15.6593,12.5704,16.3596,228.879,13.3161,11.9305,12.6192,12.4119
18.0576,18.0829,17.7966,14.9243,11.1757,17.639,59960,17.4684,16.3358,7.32501,17.8111,14.8754,39.2845,24.8187,17.7075,31.288,7.69256,16.5191,34.5218,13.4157,25.6691,17.9038,17.2817,17.2665,18.4382,18.5008,19.8671,17.9892,20.431,18.2501,17.0797,18.5496,17.2358,18.0614,17.4618,12.7148,18.1227,16.8577,16.6332,12.6513,17.8443,124.145,13.5825,18.8503,18.3606,16.3941,8.48825,18.5882,17.0468,16.9525,19.2895,18.1716,16.8222,17.0126,16.768,17.0112,16.1396,18.9557,18.2102,18.3992,18.6166,16.5733,18.4276,18.9038,8.3433,31.8081,17.1656,15.8689,19.3434,17.0691,18.6348,443.439,17.5975,8.44048,164.564,19.7347,21.5376,0,8.22513,8.17456
162.368,158.091,59960,84.3295,34.1031,59960,17.4684,59960,150.212,17.0571,154.263,86.7785,35.2013,66.7918,154.803,44.7417,12.6925,183.686,39.6887,56.3638,62.543,153.634,59960,59960,155.257,154.302,159.436,152.878,140.229,153.644,59960,153.296,59960,152.04,59960,15.8533,151.102,59960,59960,16.3515,179.094,11.2796,18.1522,218.042,151.696,59960,13.2732,152.194,59960,229.162,221.375,150.096,59960,230.626,59960,59960,59960,214.516,148.994,150.594,150.994,59960,149.394,216.283,19.8524,35.9517,234.492,59960,219.591,232.067,149.693,16.821,15.2539,12.0915,16.5144,224.689,13.6607,12.2694,12.3156,12.1207
153.385,154.389,151.465,195.057,44.1192,150.883,16.3358,150.212,59960,18.2354,157.673,211.416,28.4519,45.3474,157.486,34.0919,17.5075,818.326,30.9742,91.3343,43.1707,157.777,149.439,147.019,154.654,154.495,75.5421,157.796,70.4357,156.19,148.566,154.259,144.496,157.727,145.508,10.9881,157.57,147.571,146.535,11.5515,90.7108,12.3779,22.5851,146.149,155.796,145.406,17.9376,153.939,146.034,159.633,142.575,157.334,144.998,159.828,142.311,143.46,144.179,146.429,157.014,155.477,153.536,143.821,155.073,146.298,16.5753,26.9035,393.103,142.853,142.723,160.019,153.048,13.0166,17.9303,17.6649,13.15,138.954,8.72293,7.57053,16.2567,15.8784
16.655,16.6018,16.872,20.6088,34.7834,16.9695,7.32501,17.0571,18.2354,59960,16.7994,20.6182,10.9249,13.3259,16.9472,11.9386,12.1911,17.9748,11.4372,24.2151,13.0298,16.6398,17.1359,17.0308,15.9255,15.719,15.2743,16.4601,14.9304,16.0974,17.2048,15.5091,16.9154,16.2711,16.8542,6.67059,16.0685,17.2649,17.3118,7.26913,16.7024,3.19513,11.8461,15.9299,15.6838,17.3492,12.0601,15.2856,17.0901,17.6745,15.5238,15.8586,17.1371,17.6261,17.0003,16.9624,17.3771,15.8189,15.635,15.4603,15.0478,17.1757,15.2224,15.8756,17.3838,11.7719,16.0711,17.3956,15.4693,17.5769,14.795,8.66114,7.53246,80.6694,8.61027,15.1124,7.76868,7.39147,129.156,89.4546
1313.5,58569.4,155.254,88.0197,34.9727,154.804,17.8111,154.263,157.673,16.7994,59960,90.629,34.4019,64.2051,59960,43.3631,15.8259,192.97,38.4622,58.4403,60.1074,59960,153.621,151.271,59960,59960,152.256,59960,133.865,59960,152.879,59960,148.817,59960,149.694,12.5669,59960,152.017,151.107,13.1075,153.793,12.9438,21.4698,225.195,59960,150.101,16.3594,59960,150.417,215.7,221.1,59960,149.507,217.421,146.884,147.906,149,222.268,59960,59960,59960,148.46,59960,223.739,17.0717,33.1741,252.98,147.799,219.669,219.141,59960,14.7267,17.809,15.334,14.7259,216.888,10.3507,9.0301,14.5176,14.2372
88.2854,88.7973,87.3595,2278.15,56.9103,87.0943,14.8754,86.7785,211.416,20.6182,90.629,59960,24.8322,36.9947,90.5908,29.0954,17.6374,168.969,26.7414,163.084,35.4605,90.6191,86.4055,85.0797,88.6638,88.4977,54.9817,90.557,52.0762,89.5536,85.9764,88.29,83.6964,90.4448,84.2015,10.5444,90.2814,85.48,84.9569,11.1481,66.4085,11.122,21.8603,84.1295,89.1819,84.3809,17.9595,88.0336,84.5882,92.0418,82.0571,90.0737,84.0651,92.1246,82.5871,83.173,83.7508,84.2314,89.8173,88.9255,87.7281,83.4652,88.6198,84.1858,17.3314,23.7278,136.182,83.065,82.1122,92.2049,87.3728,12.2914,16.6981,19.3387,12.4018,79.9569,8.64488,7.64097,17.6323,17.1693
35.2954,35.1318,35.3726,24.806,16.9912,35.2969,39.2845,35.2013,28.4519,10.9249,34.4019,24.8322,59960,76.0375,34.4163,171.222,9.65735,29.2073,307.906,21.4778,82.1263,34.3681,35.0838,35.299,34.9506,34.8528,45.6259,34.3121,47.8068,34.5932,34.9444,34.7396,35.4919,34.2366,35.6597,17.1772,34.1404,34.7795,34.6026,17.24,36.8444,24.7764,16.0792,36.9136,34.3834,34.4052,10.438,34.6067,35.1357,33.6151,37.7413,34.0272,34.9588,33.6353,35.1141,35.3149,34.1868,36.9296,33.8943,34.2505,34.4538,34.7531,34.0976,36.923,13.8298,1372.2,29.7396,33.9469,37.7512,33.6493,34.2807,32.6828,17.4752,9.2488,30.8249,38.5801,23.4193,19.0025,9.33319,9.25607
66.2185,65.7484,66.7896,36.7551,22.2024,66.8089,24.8187,66.7918,45.3474,13.3259,64.2051,36.9947,76.0375,59960,64.395,137.775,10.5011,47.6249,100.832,30.0976,1168.32,63.9778,66.7371,67.3132,64.7343,64.3739,116.045,63.6996,128.87,64.059,66.6438,63.991,67.8494,63.3867,67.9872,18.198,63.0327,66.5082,66.3424,18.4338,72.9722,15.6895,16.7491,69.3595,63.3204,66.1399,11.2273,63.5684,67.1788,63.3572,70.9179,62.6498,67.013,63.3259,67.4774,67.6835,65.9003,69.2508,62.2272,62.8978,63.1054,66.8017,62.4347,69.3079,17.419,79.3135,48.9604,65.6231,70.8671,63.2831,62.6011,23.1786,16.2087,9.64679,22.3665,72.4971,18.4049,15.9949,10.0167,9.91676
1345.23,59960,155.616,87.9849,35.0535,155.254,17.7075,154.803,157.486,16.9472,59960,90.5908,34.4163,64.395,59960,43.4364,15.4101,192.73,38.5266,58.4762,60.2853,59960,154.252,151.995,59960,59960,152.863,59960,134.402,59960,153.603,59960,149.638,59960,150.416,12.994,59960,152.838,152.021,13.5345,157.318,12.6735,20.99,221.781,59960,151.11,15.944,59960,151.238,219.693,217.748,59960,150.421,221.387,147.894,148.82,150.105,218.801,59960,59960,59960,149.472,59960,220.298,17.507,33.4908,251.777,149.003,216.29,223.081,59960,15.0006,17.4046,15.0004,14.9524,213.598,10.8503,9.53007,14.303,14.0313
44.605,44.3431,44.8474,29.0099,19.0111,44.8069,31.288,44.7417,34.0919,11.9386,43.3631,29.0954,171.222,137.775,43.4364,59960,10.0033,35.2597,387.263,24.64,157.575,43.2651,44.6502,44.981,43.8869,43.704,62.7937,43.136,66.7033,43.4342,44.532,43.504,45.2843,42.9831,45.4352,17.8909,42.8034,44.3836,44.2176,18.0202,47.6215,19.8909,16.3944,46.6828,43.0537,44.0264,10.764,43.2783,44.834,42.5833,47.7294,42.6034,44.6679,42.5852,44.9236,45.1182,43.8096,46.656,42.3777,42.828,43.0266,44.4686,42.5762,46.6712,15.4547,188.314,35.9091,43.5667,47.7183,42.5794,42.7483,27.6492,16.9445,9.37652,26.4023,48.7899,20.9942,17.6901,9.58833,9.50331
14.6841,15.1574,13.5246,17.6029,16.6629,13.1093,7.69256,12.6925,17.5075,12.1911,15.8259,17.6374,9.65735,10.5011,15.4101,10.0033,59960,17.4348,9.46899,17.4215,10.2297,16.2422,12.2685,11.7111,16.8603,17.2956,11.2701,16.6777,11.0153,16.9858,11.8414,17.7099,11.1488,17.1042,11.5949,0,17.5312,11.4034,10.9891,0,12.8893,6.26714,123.44,13.8464,17.8293,10.5748,20963.2,18.1242,11.2778,14.4307,13.5163,17.9455,10.8635,14.6091,10.3133,10.7343,10.1605,14.2029,18.3598,18.2436,18.5385,10.4328,18.6579,14.0248,8.3655,6.29263,19.9198,9.74595,13.6945,14.7882,18.9528,2.94103,374.123,23.9,3.38934,13.1606,0.68768,0.470002,21.272,20.9472
187.651,188.902,185.253,158.745,42.186,184.525,16.5191,183.686,818.326,17.9748,192.97,168.969,29.2073,47.6249,192.73,35.2597,17.4348,59960,31.9133,82.7837,45.2273,193.108,182.72,179.717,189.267,189.08,82.7845,193.142,76.7002,191.166,181.63,188.797,176.589,193.066,177.851,11.0105,192.881,180.39,179.099,11.579,98.9079,12.4792,22.6095,178.701,190.698,177.692,17.8768,188.412,178.489,195.356,174.285,192.598,177.199,195.602,173.866,175.298,176.166,179.056,192.213,190.312,187.922,175.733,189.823,178.89,16.5112,27.5923,756.87,174.516,174.471,195.842,187.329,13.0942,18.0476,17.4433,13.2298,169.809,8.68722,7.51091,16.0937,15.729
39.5724,39.3391,39.7861,26.6908,17.9067,39.7484,34.5218,39.6887,30.9742,11.4372,38.4622,26.7414,307.906,100.832,38.5266,387.263,9.46899,31.9133,59960,22.9006,111.486,38.3758,39.6052,39.9002,38.9359,38.7735,53.5296,38.2615,56.463,38.5302,39.4979,38.5957,40.1706,38.1259,40.3074,18.0556,37.9663,39.3635,39.2133,18.1368,42.0408,21.6409,15.8458,41.4338,38.1921,39.0405,10.2403,38.3948,39.7671,37.7581,42.3716,37.7885,39.6169,37.7604,39.8446,40.0204,38.8448,41.4108,37.5877,37.9913,38.1707,39.4368,37.7671,41.4239,14.9151,377.471,32.3591,38.6257,42.3623,37.7558,37.9228,30.366,16.8295,8.95419,28.7823,43.322,22.9973,19.1674,9.19777,9.12417
57.0516,57.3213,56.6149,174.066,88.5578,56.5053,13.4157,56.3638,91.3343,24.2151,58.4403,163.084,21.4778,30.0976,58.4762,24.64,17.4215,82.7837,22.9006,59960,29.0246,58.3731,56.1871,55.3975,56.9861,56.8145,40.9411,58.2692,39.2193,57.5594,55.9755,56.6187,54.5721,58.1341,54.8289,10.1013,57.9654,55.723,55.4507,10.7304,48.6243,9.82675,20.6366,54.4054,57.1942,55.1453,17.6293,56.3908,55.1475,59.5895,53.068,57.7696,54.8752,59.6167,53.9889,54.2996,54.8063,54.419,57.5418,56.9663,56.1306,54.557,56.706,54.4156,18.0911,20.8337,72.9781,54.4328,53.0775,59.6424,55.8374,11.6358,15.1551,21.7148,11.7124,51.7128,8.65359,7.79243,19.5073,18.9044
62.0084,61.5654,62.5442,35.2532,21.5507,62.5608,25.6691,62.543,43.1707,13.0298,60.1074,35.4605,82.1263,1168.32,60.2853,157.575,10.2297,45.2273,111.486,29.0246,59960,59.894,62.4896,63.0328,60.6132,60.2741,104.591,59.6327,115.136,59.9744,62.3997,59.9137,63.5383,59.3385,63.6704,18.345,59.0055,62.2696,62.1111,18.5558,68.2566,16.2372,16.5438,64.9785,59.2794,61.9178,10.9722,59.5158,62.9039,59.2988,66.4526,58.645,62.7454,59.2699,63.183,63.3797,61.6895,64.8772,58.2471,58.8815,59.0797,62.5438,58.4453,64.9304,17.1661,85.9685,46.3542,61.4255,66.4053,59.2301,58.6046,23.9364,16.2239,9.39848,23.0568,67.9464,19.0193,16.4913,9.78786,9.69482
1281.72,57177.3,154.803,88.0082,34.8726,154.264,17.9038,153.634,157.777,16.6398,59960,90.6191,34.3681,63.9778,59960,43.2651,16.2422,193.108,38.3758,58.3731,59.894,59960,152.899,150.453,59960,59960,151.558,59960,133.247,59960,152.062,59960,147.902,59960,148.879,12.1392,59960,151.102,150.096,12.6801,150.251,13.1986,21.9502,228.551,59960,148.994,16.7753,59960,149.502,211.641,224.394,59960,148.496,213.388,145.775,146.896,147.794,225.677,59960,59960,59960,147.349,59960,227.121,16.6359,32.8326,254.039,146.492,222.989,215.134,59960,14.4354,18.2139,15.6483,14.4848,220.118,9.81112,8.48645,14.7194,14.4306
162.358,157.554,59960,83.9729,34.0562,59960,17.2817,59960,149.439,17.1359,153.621,86.4055,35.0838,66.7371,154.252,44.6502,12.2685,182.72,39.6052,56.1871,62.4896,152.899,59960,59960,154.328,153.272,159.458,152.045,140.246,152.714,59960,152.167,59960,151.109,59960,16.2889,150.072,59960,59960,16.7869,182.642,10.861,17.663,213.844,150.567,59960,12.8496,150.965,59960,232.624,217.113,148.967,59960,234.062,59960,59960,59960,210.263,147.765,149.365,149.661,59960,148.061,212.058,20.2963,36.1233,232.209,59960,215.302,235.475,148.254,17.0026,14.8416,11.5687,16.6601,220.363,13.9903,12.5932,11.9871,11.8057
160.625,155.311,59960,82.6999,33.6385,59960,17.2665,59960,147.019,17.0308,151.271,85.0797,35.299,67.3132,151.995,44.981,11.7111,179.717,39.9002,55.3975,63.0328,150.453,59960,59960,151.681,150.519,160.988,149.497,141.603,150.065,59960,149.312,59960,148.46,59960,16.8701,147.319,59960,59960,17.3549,186.911,10.5686,17.1221,208.104,147.712,59960,12.3082,148.004,59960,234.294,211.336,146.112,59960,235.692,59960,59960,59960,204.491,144.804,146.404,146.592,59960,144.992,206.302,20.7026,36.6409,227.169,59960,209.508,237.066,145.074,17.3581,14.4659,10.805,16.9713,214.547,14.4842,13.066,11.4678,11.3062
1219.73,54336.7,156.799,86.1238,33.9068,156.075,18.4382,155.257,154.654,15.9255,59960,88.6638,34.9506,64.7343,59960,43.8869,16.8603,189.267,38.9359,56.9861,60.6132,59960,154.328,151.681,59960,59960,153.039,59960,134.567,59960,153.293,59960,148.924,59960,150.113,11.556,59960,152.124,150.918,12.0695,144.04,14.006,22.861,238.876,59960,149.61,17.4223,59960,150.524,205.884,234.645,59960,149.318,207.708,146.388,147.717,148.199,236.066,59960,59960,59960,147.956,59960,237.479,15.6606,32.7831,250.699,146.68,233.272,209.532,59960,14.1479,19.1422,15.8586,14.291,230.293,8.90863,7.52396,14.7692,14.4753
1186.38,52880.8,156.038,85.962,33.7389,155.219,18.5008,154.302,154.495,15.719,59960,88.4977,34.8528,64.3739,59960,43.704,17.2956,189.08,38.7735,56.8145,60.2741,59960,153.272,150.519,59960,59960,152.008,59960,133.654,59960,152.132,59960,147.654,59960,148.954,11.1088,59960,150.854,149.541,11.6225,140.266,14.2266,23.3633,242.241,59960,148.125,17.8572,59960,149.254,201.381,237.943,59960,147.941,203.235,144.9,146.341,146.602,239.487,59960,59960,59960,146.467,59960,240.871,15.2048,32.3424,251.352,144.967,236.599,205.086,59960,13.781,19.5655,16.1314,13.9871,233.524,8.16459,6.74439,14.9415,14.6404
157.373,156.099,159.132,54.1803,27.6746,159.327,19.8671,159.436,75.5421,15.2743,152.256,54.9817,45.6259,116.045,152.863,62.7937,11.2701,82.7845,53.5296,40.9411,104.591,151.558,159.458,160.988,153.039,152.008,59960,150.729,1269.9,151.424,159.388,150.93,162.424,149.819,162.592,17.614,148.807,159.223,158.977,17.9966,156.44,12.423,17.151,164.958,149.329,158.645,11.9334,149.753,160.823,150.826,168.678,147.728,160.578,150.687,161.84,162.178,158.225,164.569,146.552,148.152,148.476,160.23,146.875,164.77,19.4128,47.2153,89.1489,157.718,168.492,150.52,147.096,19.3663,15.3228,10.303,18.856,172.447,15.8525,14.1116,10.813,10.6815
1248.46,55720.7,154.236,87.9465,34.7471,153.604,17.9892,152.878,157.796,16.4601,59960,90.557,34.3121,63.6996,59960,43.136,16.6777,193.142,38.2615,58.2692,59.6327,59960,152.045,149.497,59960,59960,150.729,59960,132.513,59960,151.108,59960,146.842,59960,147.927,11.6918,59960,150.042,148.935,12.2329,146.531,13.4491,22.4527,231.995,59960,147.73,17.2105,59960,148.442,207.328,227.773,59960,147.335,209.103,144.509,145.735,146.423,229.177,59960,59960,59960,146.08,59960,230.593,16.1799,32.4485,254.995,145.012,226.396,210.877,59960,14.1112,18.6374,15.9576,14.2161,223.431,9.19739,7.86248,14.9171,14.6202
138.406,137.277,139.963,51.3777,26.7858,140.135,20.431,140.229,70.4357,14.9304,133.865,52.0762,47.8068,128.87,134.402,66.7033,11.0153,76.7002,56.463,39.2193,115.136,133.247,140.246,141.603,134.567,133.654,1269.9,132.513,59960,133.133,140.182,132.699,142.876,131.707,143.028,17.8531,130.81,140.032,139.812,18.21,144.205,12.8064,17.0059,145.144,131.276,139.514,11.7002,131.656,141.454,132.585,148.449,129.854,141.234,132.463,142.353,142.656,139.14,144.8,128.812,130.234,130.524,140.923,129.101,144.978,19.2198,49.5196,81.891,138.686,148.284,132.315,129.3,19.8929,15.3878,10.0144,19.3452,151.798,16.3,14.4896,10.5516,10.4291
1217.71,54311.8,155.189,86.9796,34.2543,154.464,18.2501,153.644,156.19,16.0974,59960,89.5536,34.5932,64.059,59960,43.4342,16.9858,191.166,38.5302,57.5594,59.9744,59960,152.714,150.065,59960,59960,151.424,59960,133.133,59960,151.677,59960,147.307,59960,148.498,11.4047,59960,150.507,149.299,11.9319,143.447,13.8437,22.9063,237.111,59960,147.99,17.5328,59960,148.907,204.446,232.851,59960,147.699,206.259,144.767,146.099,146.578,234.324,59960,59960,59960,146.336,59960,235.725,15.6959,32.412,253.243,145.057,231.49,208.072,59960,13.9589,19.1001,16.0516,14.1122,228.471,8.72023,7.35059,14.9344,14.6352
162.256,156.919,59960,83.5623,33.989,59960,17.0797,59960,148.566,17.2048,152.879,85.9764,34.9444,66.6438,153.603,44.532,11.8414,181.63,39.4979,55.9755,62.3997,152.062,59960,59960,153.293,152.132,159.388,151.108,140.182,151.677,59960,150.926,59960,150.071,59960,16.7277,148.932,59960,59960,17.2255,186.203,10.4082,17.17,209.549,149.326,59960,12.4228,149.619,59960,236.048,212.754,147.726,59960,237.458,59960,59960,59960,205.913,146.419,148.019,148.208,59960,146.608,207.735,20.7435,36.2743,229.73,59960,210.915,238.843,146.691,17.1724,14.4261,11.0004,16.7952,215.938,14.3025,12.8997,11.6344,11.4674
1154.63,51495.1,155.221,85.7603,33.5586,154.308,18.5496,153.296,154.259,15.5091,59960,88.29,34.7396,63.991,59960,43.504,17.7099,188.797,38.5957,56.6187,59.9137,59960,152.167,149.312,59960,59960,150.93,59960,132.699,59960,150.926,59960,146.341,59960,147.75,10.6831,59960,149.541,148.125,11.197,136.661,14.4234,23.8414,245.378,59960,146.602,18.2712,59960,147.941,197.032,241.018,59960,146.525,198.912,143.375,144.924,144.969,242.678,59960,59960,59960,144.939,59960,244.036,14.771,31.8946,251.833,143.22,239.7,200.791,59960,13.4091,19.9684,16.3751,13.6795,236.534,7.36959,5.88896,15.094,14.7865
158.784,152.967,59960,81.3717,33.1998,59960,17.2358,59960,144.496,16.9154,148.817,83.6964,35.4919,67.8494,149.638,45.2843,11.1488,176.589,40.1706,54.5721,63.5383,147.902,59960,59960,148.924,147.654,162.424,146.842,142.876,147.307,59960,146.341,59960,145.701,59960,17.4494,144.454,59960,59960,17.9214,191.195,10.2383,16.5773,202.325,144.741,59960,11.7623,144.925,59960,235.841,205.518,143.141,59960,237.2,59960,59960,59960,198.678,141.725,143.325,143.402,59960,141.801,200.506,21.1086,37.1369,221.929,59960,203.674,238.533,141.769,17.7013,14.0867,9.98968,17.2713,208.69,14.96,13.5209,10.9226,10.7821
1215.87,54294.2,153.585,87.8366,34.6032,152.86,18.0614,152.04,157.727,16.2711,59960,90.4448,34.2366,63.3867,59960,42.9831,17.1042,193.066,38.1259,58.1341,59.3385,59960,151.109,148.46,59960,59960,149.819,59960,131.707,59960,150.071,59960,145.701,59960,146.892,11.2536,59960,148.901,147.693,11.7949,142.874,13.6794,22.9449,235.302,59960,146.383,17.6366,59960,147.301,203.038,231.015,59960,146.093,204.84,143.16,144.492,144.97,232.539,59960,59960,59960,144.729,59960,233.928,15.7333,32.0448,255.781,143.449,229.666,206.641,59960,13.7732,19.0522,16.242,13.936,226.607,8.53825,7.18388,15.098,14.7935
159,153.731,59960,81.8553,33.2911,59960,17.4618,59960,145.508,16.8542,149.694,84.2015,35.6597,67.9872,150.416,45.4352,11.5949,177.851,40.3074,54.8289,63.6704,148.879,59960,59960,150.113,148.954,162.592,147.927,143.028,148.498,59960,147.75,59960,146.892,59960,16.9911,145.754,59960,59960,17.4633,187.461,10.7482,17.0921,206.822,146.151,59960,12.208,146.446,59960,232.392,210.082,144.551,59960,233.78,59960,59960,59960,203.233,143.246,144.846,145.037,59960,143.437,205.032,20.6415,37.0018,224.711,59960,208.267,235.143,143.522,17.5372,14.5206,10.6336,17.1422,213.322,14.6536,13.2202,11.316,11.1592
13.8001,13.3056,14.9984,10.6455,8.86301,15.425,12.7148,15.8533,10.9881,6.67059,12.5669,10.5444,17.1772,18.198,12.994,17.8909,0,11.0105,18.0556,10.1013,18.345,12.1392,16.2889,16.8701,11.556,11.1088,17.614,11.6918,17.8531,11.4047,16.7277,10.6831,17.4494,11.2536,16.9911,59960,10.8149,17.1776,17.6032,38941.4,16.0939,5.90251,5.42018,14.6598,10.5381,18.0289,0,10.2575,17.3153,13.9175,14.9431,10.3893,17.7409,13.7343,18.3078,17.8753,18.4545,14.2935,9.96364,10.1125,9.83187,18.1834,9.68679,14.4765,515.501,23.404,8.72117,18.8804,14.7599,13.5499,9.40623,22.744,8.11931,0.894351,21.7766,15.2132,24.4057,23.4371,1.87031,1.95239
1183.23,52866,152.838,87.6774,34.4383,152.019,18.1227,151.102,157.57,16.0685,59960,90.2814,34.1404,63.0327,59960,42.8034,17.5312,192.881,37.9663,57.9654,59.0055,59960,150.072,147.319,59960,59960,148.807,59960,130.81,59960,148.932,59960,144.454,59960,145.754,10.8149,59960,147.654,146.341,11.3564,139.199,13.8956,23.4377,238.546,59960,144.925,18.0633,59960,146.054,198.676,234.194,59960,144.741,200.506,141.7,143.141,143.402,235.838,59960,59960,59960,143.267,59960,237.2,15.2862,31.6122,256.42,141.767,232.873,202.334,59960,13.4131,19.4675,16.5095,13.6377,229.72,7.80763,6.41822,15.2669,14.9553
162.053,156.168,59960,83.0871,33.8992,59960,16.8577,59960,147.571,17.2649,152.017,85.48,34.7795,66.5082,152.838,44.3836,11.4034,180.39,39.3635,55.723,62.2696,151.102,59960,59960,152.124,150.854,159.223,150.042,140.032,150.507,59960,149.541,59960,148.901,59960,17.1776,147.654,59960,59960,17.6752,189.84,9.90735,16.6647,205.077,147.941,59960,11.9853,148.125,59960,239.489,208.216,146.341,59960,240.871,59960,59960,59960,201.384,144.925,146.525,146.602,59960,145.001,203.235,21.202,36.4067,226.997,59960,206.348,242.228,144.969,17.3333,14.0002,10.3678,16.9219,211.332,14.6031,13.1948,11.248,11.097
161.769,155.364,59960,82.5862,33.7945,59960,16.6332,59960,146.535,17.3118,151.107,84.9569,34.6026,66.3424,152.021,44.2176,10.9891,179.099,39.2133,55.4507,62.1111,150.096,59960,59960,150.918,149.541,158.977,148.935,139.812,149.299,59960,148.125,59960,147.693,59960,17.6032,146.341,59960,59960,18.1006,193.268,9.39422,16.1866,200.781,146.525,59960,11.5713,146.602,59960,242.681,203.857,144.925,59960,244.036,59960,59960,59960,197.034,143.402,145.002,144.969,59960,143.368,198.912,21.6358,36.5112,224.225,59960,201.963,245.365,143.222,17.4736,13.5973,9.71432,17.031,206.909,14.8704,13.4572,10.8571,10.7224
14.3061,13.8182,15.497,11.2391,9.51329,15.9235,12.6513,16.3515,11.5515,7.26913,13.1075,11.1481,17.24,18.4338,13.5345,18.0202,0,11.579,18.1368,10.7304,18.5558,12.6801,16.7869,17.3549,12.0695,11.6225,17.9966,12.2329,18.21,11.9319,17.2255,11.197,17.9214,11.7949,17.4633,38941.4,11.3564,17.6752,18.1006,59960,16.6394,6.09135,5.88639,15.1082,11.0657,18.526,0,10.7716,17.7999,14.4878,15.3646,10.931,18.2253,14.3046,18.7794,18.3471,18.9515,14.742,10.5055,10.6403,10.3462,18.6676,10.2148,14.925,554.78,23.3593,9.26821,19.3772,15.1815,14.1204,9.92074,22.4191,8.23809,1.23126,21.4596,15.6088,24.0184,23.0391,2.20882,2.28448
162.485,158.664,172.091,65.2673,31.8628,175.592,17.8443,179.094,90.7108,16.7024,153.793,66.4085,36.8444,72.9722,157.318,47.6215,12.8893,98.9079,42.0408,48.6243,68.2566,150.251,182.642,186.911,144.04,140.266,156.44,146.531,144.205,143.447,186.203,136.661,191.195,142.874,187.461,16.0939,139.199,189.84,193.268,16.6394,59960,11.8501,17.8669,167.165,136.148,196.683,13.4206,133.044,190.524,166.125,168.38,135.621,193.965,164.642,198.148,194.651,200.085,164.078,132.03,132.544,129.413,197.529,128.926,165.622,20.1189,39.3221,96.7043,203.477,166.825,163.152,125.769,17.27,15.4185,12.352,16.9068,169.536,13.6886,12.0838,12.4272,12.2454
12.7861,12.9951,12.0238,11.1828,7.80502,11.6644,124.145,11.2796,12.3779,3.19513,12.9438,11.122,24.7764,15.6895,12.6735,19.8909,6.26714,12.4792,21.6409,9.82675,16.2372,13.1986,10.861,10.5686,14.006,14.2266,12.423,13.4491,12.8064,13.8437,10.4082,14.4234,10.2383,13.6794,10.7482,5.90251,13.8956,9.90735,9.39422,6.09135,11.8501,59960,13.0258,13.3672,14.2579,8.83636,7.34029,14.6078,10.0728,11.4466,13.7518,14.0924,9.55969,11.5873,9.15758,9.72494,8.22502,13.6242,14.2768,14.4423,14.7803,8.97875,14.6149,13.4972,4.27633,11.1479,13.8738,7.54729,13.882,11.7232,14.9414,0,18.7317,8.43427,0,14.1415,0,0,7.89984,7.84792
20.3982,20.8967,19.1125,21.8409,18.1816,18.6333,13.5825,18.1522,22.5851,11.8461,21.4698,21.8603,16.0792,16.7491,20.99,16.3944,123.44,22.6095,15.8458,20.6366,16.5438,21.9502,17.663,17.1221,22.861,23.3633,17.151,22.4527,17.0059,22.9063,17.17,23.8414,16.5773,22.9449,17.0921,5.42018,23.4377,16.6647,16.1866,5.88639,17.8669,13.0258,59960,19.91,23.8797,15.7085,125.166,24.3195,16.6221,19.6618,19.7867,23.9158,16.144,19.8676,15.6131,16.0989,15.2304,20.3216,24.3939,24.3578,24.7976,15.647,24.836,20.1159,9.65053,11.4212,25.5942,14.7519,19.9925,20.0737,25.2757,6.69302,100.272,20.896,7.20167,19.6492,3.67532,3.25629,18.2513,17.8997
201.384,224.518,226.094,81.774,32.6751,222.107,18.8503,218.042,146.149,15.9299,225.195,84.1295,36.9136,69.3595,221.781,46.6828,13.8464,178.701,41.4338,54.4054,64.9785,228.551,213.844,208.104,238.876,242.241,164.958,231.995,145.144,237.111,209.549,245.378,202.325,235.302,206.822,14.6598,238.546,205.077,200.781,15.1082,167.165,13.3672,19.91,59960,243.51,196.423,14.4917,248.453,203.706,155.537,59960,241.629,199.438,157.137,193.707,198.081,192.001,59960,244.649,246.557,251.464,194.934,249.541,59960,17.8898,36.5323,231.621,187.511,59960,158.736,254.411,16.7099,17.0604,13.0796,16.5241,59960,12.8491,11.4161,12.7768,12.5575
1153.17,51490.7,153.621,86.618,33.9082,152.708,18.3606,151.696,155.796,15.6838,59960,89.1819,34.3834,63.3204,59960,43.0537,17.8293,190.698,38.1921,57.1942,59.2794,59960,150.567,147.712,59960,59960,149.329,59960,131.276,59960,149.326,59960,144.741,59960,146.151,10.5381,59960,147.941,146.525,11.0657,136.148,14.2579,23.8797,243.51,59960,145.002,18.3756,59960,146.341,195.712,239.122,59960,144.925,197.581,141.775,143.324,143.369,240.833,59960,59960,59960,143.339,59960,242.179,14.8127,31.5295,254.367,141.621,237.816,199.448,59960,13.2252,19.9204,16.5642,13.5048,234.61,7.19112,5.72588,15.2567,14.9439
161.394,154.467,59960,82.0343,33.6705,59960,16.3941,59960,145.406,17.3492,150.101,84.3809,34.4052,66.1399,151.11,44.0264,10.5748,177.692,39.0405,55.1453,61.9178,148.994,59960,59960,149.61,148.125,158.645,147.73,139.514,147.99,59960,146.602,59960,146.383,59960,18.0289,144.925,59960,59960,18.526,196.683,8.83636,15.7085,196.423,145.002,59960,11.1574,144.969,59960,245.81,199.435,143.402,59960,247.138,59960,59960,59960,192.621,141.769,143.369,143.222,59960,141.621,194.527,22.0696,36.5958,221.267,59960,197.513,248.44,141.357,17.6025,13.1944,8.99627,17.1297,202.422,15.122,13.7044,10.4388,10.3216
15.2552,15.721,14.1046,17.9289,16.6874,13.6897,8.48825,13.2732,17.9376,12.0601,16.3594,17.9595,10.438,11.2273,15.944,10.764,20963.2,17.8768,10.2403,17.6293,10.9722,16.7753,12.8496,12.3082,17.4223,17.8572,11.9334,17.2105,11.7002,17.5328,12.4228,18.2712,11.7623,17.6366,12.208,0,18.0633,11.9853,11.5713,0,13.4206,7.34029,125.166,14.4917,18.3756,11.1574,59960,18.6851,11.8752,14.9365,14.2026,18.4773,11.4613,15.1147,10.9275,11.3482,10.7434,14.8479,18.8912,18.7895,19.0991,11.031,19.2036,14.6699,8.51491,6.92128,20.3723,10.3292,14.3807,15.2936,19.513,3.41461,429.823,23.4082,3.86682,13.8915,1.08545,0.841695,20.7991,20.4756
1122.88,50109.4,154.31,85.5118,33.3579,153.303,18.5882,152.194,153.939,15.2856,59960,88.0336,34.6067,63.5684,59960,43.2783,18.1242,188.412,38.3948,56.3908,59.5158,59960,150.965,148.004,59960,59960,149.753,59960,131.656,59960,149.619,59960,144.925,59960,146.446,10.2575,59960,148.125,146.602,10.7716,133.044,14.6078,24.3195,248.453,59960,144.969,18.6851,59960,146.525,192.619,244.029,59960,145.002,194.526,141.74,143.401,143.222,245.807,59960,59960,59960,143.302,59960,247.138,14.3372,31.4179,252.177,141.356,242.739,196.432,59960,13.0133,20.3714,16.604,13.3527,239.48,6.4606,4.86766,15.2358,14.9222
160.419,154.567,59960,82.2294,33.5495,59960,17.0468,59960,146.034,17.0901,150.417,84.5882,35.1357,67.1788,151.238,44.834,11.2778,178.489,39.7671,55.1475,62.9039,149.502,59960,59960,150.524,149.254,160.823,148.442,141.454,148.907,59960,147.941,59960,147.301,59960,17.3153,146.054,59960,59960,17.7999,190.524,10.0728,16.6221,203.706,146.341,59960,11.8752,146.525,59960,237.671,206.873,144.741,59960,239.041,59960,59960,59960,200.037,143.325,144.925,145.002,59960,143.401,201.876,21.1563,36.7718,224.463,59960,205.017,240.386,143.369,17.5173,14.0444,10.1787,17.0966,210.017,14.7816,13.3579,11.0853,10.9396
261.419,223.484,222.18,89.386,35.9005,225.695,16.9525,229.162,159.633,17.6745,215.7,92.0418,33.6151,63.3572,219.693,42.5833,14.4307,195.356,37.7581,59.5895,59.2988,211.641,232.624,234.294,205.884,201.381,150.826,207.328,132.585,204.446,236.048,197.032,235.841,203.038,232.392,13.9175,198.676,239.489,242.681,14.4878,166.125,11.4466,19.6618,155.537,195.712,245.81,14.9365,192.619,237.671,59960,155.155,194.381,240.836,59960,242.104,238.98,248.876,152.337,190.022,191.327,188.141,244.059,186.876,153.937,18.8492,33.5279,252.655,251.88,153.555,59960,183.599,15.3293,16.1191,14.2952,15.1746,154.679,11.7525,10.4542,13.9337,13.6799
198.248,220.56,229.551,79.7808,31.8624,225.501,19.2895,221.375,142.575,15.5238,221.1,82.0571,37.7413,70.9179,217.748,47.7294,13.5163,174.285,42.3716,53.068,66.4526,224.394,217.113,211.336,234.645,237.943,168.678,227.773,148.449,232.851,212.754,241.018,205.518,231.015,210.082,14.9431,234.194,208.216,203.857,15.3646,168.38,13.7518,19.7867,59960,239.122,199.435,14.2026,244.029,206.873,155.155,59960,237.214,202.541,156.755,196.773,201.212,194.949,59960,240.17,242.105,246.975,197.972,245.025,59960,17.7609,37.3808,225.732,190.394,59960,158.354,249.857,17.1374,17.1427,12.6403,16.9301,59960,13.2639,11.7951,12.3987,12.1916
1151.56,51480.4,152.021,87.4757,34.2579,151.108,18.1716,150.096,157.334,15.8586,59960,90.0737,34.0272,62.6498,59960,42.6034,17.9455,192.598,37.7885,57.7696,58.645,59960,148.967,146.112,59960,59960,147.728,59960,129.854,59960,147.726,59960,143.141,59960,144.551,10.3893,59960,146.341,144.925,10.931,135.621,14.0924,23.9158,241.629,59960,143.402,18.4773,59960,144.741,194.381,237.214,59960,143.325,196.238,140.175,141.724,141.769,238.976,59960,59960,59960,141.739,59960,240.31,14.8524,31.1644,256.901,140.021,235.92,198.093,59960,13.0412,19.8705,16.7532,13.3301,232.674,7.01263,5.56279,15.4194,15.1014
160.13,153.763,59960,81.7284,33.4448,59960,16.8222,59960,144.998,17.1371,149.507,84.0651,34.9588,67.013,150.421,44.6679,10.8635,177.199,39.6169,54.8752,62.7454,148.496,59960,59960,149.318,147.941,160.578,147.335,141.234,147.699,59960,146.525,59960,146.093,59960,17.7409,144.741,59960,59960,18.2253,193.965,9.55969,16.144,199.438,144.925,59960,11.4613,145.002,59960,240.836,202.541,143.325,59960,242.179,59960,59960,59960,195.714,141.802,143.402,143.369,59960,141.768,197.581,21.5901,36.8763,221.691,59960,200.658,243.497,141.622,17.6576,13.6415,9.52525,17.2057,205.621,15.0489,13.6203,10.6944,10.5649
263.137,225.201,223.697,89.4648,35.8919,227.186,17.0126,230.626,159.828,17.6261,217.421,92.1246,33.6353,63.3259,221.387,42.5852,14.6091,195.602,37.7604,59.6167,59.2699,213.388,234.062,235.692,207.708,203.235,150.687,209.103,132.463,206.259,237.458,198.912,237.2,204.84,233.78,13.7343,200.506,240.871,244.036,14.3046,164.642,11.5873,19.8676,157.137,197.581,247.138,15.1147,194.526,239.041,59960,156.755,196.238,242.179,59960,243.408,240.312,250.176,153.937,191.907,193.222,190.077,245.374,188.8,155.537,18.6624,33.4236,253.376,253.152,155.155,59960,185.562,15.2329,16.2926,14.4693,15.0956,156.279,11.5803,10.2841,14.0455,13.7872
158.1,151.249,59960,80.3092,32.9689,59960,16.768,59960,142.311,17.0003,146.884,82.5871,35.1141,67.4774,147.894,44.9236,10.3133,173.866,39.8446,53.9889,63.183,145.775,59960,59960,146.388,144.9,161.84,144.509,142.353,144.767,59960,143.375,59960,143.16,59960,18.3078,141.7,59960,59960,18.7794,198.148,9.15758,15.6131,193.707,141.775,59960,10.9275,141.74,59960,242.104,196.773,140.175,59960,243.408,59960,59960,59960,189.951,138.54,140.14,139.992,59960,138.391,191.834,21.9834,37.3273,216.148,59960,194.874,244.686,138.125,17.9725,13.2741,8.60553,17.4807,199.815,15.483,14.0346,10.1061,9.99974
158.491,152.162,59960,80.8705,33.0951,59960,17.0112,59960,143.46,16.9624,147.906,83.173,35.3149,67.6835,148.82,45.1182,10.7343,175.298,40.0204,54.2996,63.3797,146.896,59960,59960,147.717,146.341,162.178,145.735,142.656,146.099,59960,144.924,59960,144.492,59960,17.8753,143.141,59960,59960,18.3471,194.651,9.72494,16.0989,198.081,143.324,59960,11.3482,143.401,59960,238.98,201.212,141.724,59960,240.312,59960,59960,59960,194.381,140.201,141.801,141.768,59960,140.168,196.236,21.5425,37.2415,219.156,59960,199.341,241.618,140.021,17.8416,13.6836,9.3359,17.3804,204.32,15.2275,13.7835,10.5315,10.4073
160.928,153.476,59960,81.4305,33.5269,59960,16.1396,59960,144.179,17.3771,149,83.7508,34.1868,65.9003,150.105,43.8096,10.1605,176.166,38.8448,54.8063,61.6895,147.794,59960,59960,148.199,146.602,158.225,146.423,139.14,146.578,59960,144.969,59960,144.97,59960,18.4545,143.402,59960,59960,18.9515,200.085,8.22502,15.2304,192.001,143.369,59960,10.7434,143.222,59960,248.876,194.949,141.769,59960,250.176,59960,59960,59960,188.143,140.022,141.622,141.357,59960,139.757,190.077,22.5034,36.6606,218.114,59960,192.998,251.45,139.37,17.7202,12.7914,8.19776,17.2183,197.87,15.3586,13.937,9.98967,9.89158
198.278,221.489,222.674,81.8703,32.6331,218.634,18.9557,214.516,146.429,15.8189,222.268,84.2314,36.9296,69.2508,218.801,46.656,14.2029,179.056,41.4108,54.419,64.8772,225.677,210.263,204.491,236.066,239.487,164.569,229.177,144.8,234.324,205.913,242.678,198.678,232.539,203.233,14.2935,235.838,201.384,197.034,14.742,164.078,13.6242,20.3216,59960,240.833,192.621,14.8479,245.807,200.037,152.337,59960,238.976,195.714,153.937,189.951,194.381,188.143,59960,242.051,243.935,248.873,191.154,246.974,59960,17.5163,36.2951,232.864,183.598,59960,155.536,251.875,16.4982,17.4074,13.3965,16.3498,59960,12.469,11.0387,12.9809,12.7532
1119.88,50094.8,151.11,87.2272,34.0573,150.103,18.2102,148.994,157.014,15.635,59960,89.8173,33.8943,62.2272,59960,42.3777,18.3598,192.213,37.5877,57.5418,58.2471,59960,147.765,144.804,59960,59960,146.552,59960,128.812,59960,146.419,59960,141.725,59960,143.246,9.96364,59960,144.925,143.402,10.5055,132.03,14.2768,24.3939,244.649,59960,141.769,18.8912,59960,143.325,190.022,240.17,59960,141.802,191.907,138.54,140.201,140.022,242.051,59960,59960,59960,140.102,59960,243.358,14.4187,30.6877,257.245,138.156,238.904,193.789,59960,12.6454,20.2734,16.9821,13.0033,235.564,6.10364,4.54149,15.5612,15.2371
1121.45,50105.1,152.71,86.3695,33.7076,151.703,18.3992,150.594,155.477,15.4603,59960,88.9255,34.2505,62.8978,59960,42.828,18.2436,190.312,37.9913,56.9663,58.8815,59960,149.365,146.404,59960,59960,148.152,59960,130.234,59960,148.019,59960,143.325,59960,144.846,10.1125,59960,146.525,145.002,10.6403,132.544,14.4423,24.3578,246.557,59960,143.369,18.7895,59960,144.925,191.327,242.105,59960,143.402,193.222,140.14,141.801,141.622,243.935,59960,59960,59960,141.702,59960,245.254,14.3789,31.0528,254.711,139.756,240.827,195.116,59960,12.8293,20.3234,16.7931,13.178,237.528,6.28213,4.70458,15.3985,15.0796
1091.11,48723.7,153.305,85.2159,33.1366,152.201,18.6166,150.994,153.536,15.0478,59960,87.7281,34.4538,63.1054,59960,43.0266,18.5385,187.922,38.1707,56.1306,59.0797,59960,149.661,146.592,59960,59960,148.476,59960,130.524,59960,148.208,59960,143.402,59960,145.037,9.83187,59960,146.602,144.969,10.3462,129.413,14.7803,24.7976,251.464,59960,143.222,19.0991,59960,145.002,188.141,246.975,59960,143.369,190.077,139.992,141.768,141.357,248.873,59960,59960,59960,141.55,59960,250.176,13.9034,30.9109,252.384,139.368,245.713,192.01,59960,12.5913,20.7743,16.8187,13.0053,242.361,5.38536,3.55155,15.3671,15.0477
159.734,152.829,59960,81.1537,33.3155,59960,16.5733,59960,143.821,17.1757,148.46,83.4652,34.7531,66.8017,149.472,44.4686,10.4328,175.733,39.4368,54.557,62.5438,147.349,59960,59960,147.956,146.467,160.23,146.08,140.923,146.336,59960,144.939,59960,144.729,59960,18.1834,143.267,59960,59960,18.6676,197.529,8.97875,15.647,194.934,143.339,59960,11.031,143.302,59960,244.059,197.972,141.739,59960,245.374,59960,59960,59960,191.154,140.102,141.702,141.55,59960,139.95,193.049,22.041,36.9639,218.612,59960,196.06,246.663,139.681,17.7913,13.2226,8.77728,17.3081,200.984,15.3101,13.8769,10.2589,10.1477
1089.71,48719.2,151.705,86.0735,33.4862,150.601,18.4276,149.394,155.073,15.2224,59960,88.6198,34.0976,62.4347,59960,42.5762,18.6579,189.823,37.7671,56.706,58.4453,59960,148.061,144.992,59960,59960,146.875,59960,129.101,59960,146.608,59960,141.801,59960,143.437,9.68679,59960,145.001,143.368,10.2148,128.926,14.6149,24.836,249.541,59960,141.621,19.2036,59960,143.401,186.876,245.025,59960,141.768,188.8,138.391,140.168,139.757,246.974,59960,59960,59960,139.95,59960,248.265,13.9451,30.5457,254.918,137.768,243.774,190.721,59960,12.4073,20.7264,17.0077,12.8305,240.381,5.20669,3.38823,15.5298,15.2052
199.836,223.011,224.389,81.8272,32.6561,220.374,18.9038,216.283,146.298,15.8756,223.739,84.1858,36.923,69.3079,220.298,46.6712,14.0248,178.89,41.4239,54.4156,64.9304,227.121,212.058,206.302,237.479,240.871,164.77,230.593,144.978,235.725,207.735,244.036,200.506,233.928,205.032,14.4765,237.2,203.235,198.912,14.925,165.622,13.4972,20.1159,59960,242.179,194.527,14.6699,247.138,201.876,153.937,59960,240.31,197.581,155.537,191.834,196.236,190.077,59960,243.358,245.254,250.176,193.049,248.265,59960,17.7031,36.4155,232.259,185.56,59960,157.136,253.151,16.6053,17.2339,13.2403,16.438,59960,12.6617,11.2301,12.8803,12.6568
17.8567,17.4421,18.9811,17.3488,18.5236,19.4159,8.3433,19.8524,16.5753,17.3838,17.0717,17.3314,13.8298,17.419,17.507,15.4547,8.3655,16.5112,14.9151,18.0911,17.1661,16.6359,20.2963,20.7026,15.6606,15.2048,19.4128,16.1799,19.2198,15.6959,20.7435,14.771,21.1086,15.7333,20.6415,515.501,15.2862,21.202,21.6358,554.78,20.1189,4.27633,9.65053,17.8898,14.8127,22.0696,8.51491,14.3372,21.1563,18.8492,17.7609,14.8524,21.5901,18.6624,21.9834,21.5425,22.5034,17.5163,14.4187,14.3789,13.9034,22.041,13.9451,17.7031,59960,18.2783,13.6915,22.9374,17.5741,18.4759,13.4697,13.4836,7.82545,6.19954,12.8867,17.6185,13.4213,12.3769,7.77212,7.79746
