8528.27,16.62,8.44053,20.0511,15.8835,22.0652,19.2356,8.70908,9.10427,15.442,16.968,11.1436,15.6349,8.49578,14.9998,22.8805,17.1085,29.275,11.1418,20.2967,14.0583,14.8029,8.39112,12.5393,16.0095,13.2067,33.0105,14.0952,15.8125,18.4978,15.2906,15.5612,15.4807,17.7905,14.5488,15.8222,17.2538,14.9606,17.6004,15.6708,8.88574,17.7394,15.5555,15.1507,17.9295,15.3407,17.4104,17.7124,3.17673,14.0909,14.6101,18.0569,14.6861,14.2375,18.1729,15.7852,14.8001,17.8668,10.7732,17.5494,17.985,18.3717,15.6838,13.8412,14.9902,14.4276,18.2777,9.14894,13.4191,18.7919,9.54204,15.6702,17.0857,12.0793,19.0638,34.6954,14.5356,13.5044,12.9683,8.61965,19.0018,10.1034,0,8.5806,3.02145,0
16.62,8528.27,14.8838,105.485,203.517,78.4473,114.263,12.918,27.6548,200.298,162.044,40.5271,1417.88,13.3297,197.006,69.85,161.682,45.6738,40.9123,94.2462,81.0863,123.344,14.0068,55.1633,1413.88,69.6741,39.6216,86.3733,166.876,162.159,1377.98,157.361,1376.43,161.565,193.58,1415.95,158.485,1342.07,159.939,1374.72,15.8037,159.685,22.517,1340.55,161.315,1338.88,158.312,259.996,15.6324,190.028,1306.15,160.976,268.185,1270.22,160.546,201.971,1304.67,159.342,13.4852,158.054,158.898,159.407,200.415,1234.29,1303.04,1268.78,160.024,28.518,1198.34,147.457,19.377,168.927,226.323,133.838,19.401,28.7329,65.0151,184.738,1162.36,13.4198,14.241,56.0053,12.3464,13.0111,13.1923,11.6403
8.44053,14.8838,8528.27,15.9679,14.3701,16.1362,16.4895,233.722,11.7225,14.2098,14.2803,12.0288,16.3563,4129.83,14.038,16.0511,13.8457,15.3715,11.8829,16.5798,12.2798,12.4264,8259.3,12.1469,16.4731,12.3181,15.2022,12.2798,12.3621,16.4607,16.7574,12.2688,16.8135,12.3945,13.851,16.4156,12.6472,17.1184,12.3348,16.8676,186.197,11.9738,7.92539,17.1744,12.0336,17.2286,12.2731,14.7433,10.8577,13.6482,17.4794,11.6726,15.2305,17.8404,11.3116,14.5255,17.5354,11.6128,5.04884,11.9121,11.2448,10.5895,14.6808,18.2013,17.5896,17.8964,10.9506,30.6433,18.5623,13.2432,6.67168,18.8083,9.95605,14.8783,8.52935,19.3931,8.8142,13.5726,18.9235,3.65847,7.71684,17.5801,19.846,3.60761,162.278,19.2058
20.0511,105.485,15.9679,8528.27,100.558,326.796,1354.19,15.0383,21.8379,98.1115,105.193,29.0517,105.733,14.9795,95.6613,211.802,104.49,81.4453,29.1579,984.65,45.4141,55.6274,15.3793,35.8482,107.837,41.3003,64.4554,46.819,63.7435,297.025,105.516,61.9112,106.569,103.136,93.1622,106.785,101.469,105.259,102.083,107.622,17.0894,101.599,20.695,106.312,102.652,107.366,101.03,110.115,13.4834,90.6246,104.945,102.107,92.4355,104.573,101.502,100.595,105.998,101.054,12.1876,100.546,100.436,100.102,100.619,104.142,107.052,105.626,100.834,27.2275,103.652,86.9179,15.9733,265.328,68.7301,71.4004,19.091,40.7231,38.7609,87.9563,103.101,11.2006,14.5197,44.8958,15.3327,10.9203,11.9897,14.2473
15.8835,203.517,14.3701,100.558,8528.27,74.7088,108.859,11.9943,28.8975,8528.27,263.239,42.4175,235.411,12.5971,8528.27,66.5627,225.701,43.5566,42.8455,89.7469,84.9576,129.375,13.3861,57.7822,231.89,73.0314,37.7712,90.5394,174.962,154.323,239.041,165.063,237.226,209.309,8528.27,233.656,210.77,242.241,207.912,235.4,15.2216,203.706,22.9969,240.4,205.076,238.547,206.503,158.737,16.3282,8528.27,245.379,200.781,264.931,248.454,196.422,8528.27,243.51,199.437,13.979,202.324,195.021,187.512,8528.27,251.464,241.63,246.558,192,28.2442,254.411,149.172,20.4301,160.274,238.332,132.966,19.5315,27.2095,68.5385,8528.27,257.295,14.3875,14.1653,55.7445,11.3098,13.9428,13.4681,10.6762
22.0652,78.4473,16.1362,326.796,74.7088,8528.27,262.095,15.6568,20.0662,72.8525,78.227,26.1383,78.6322,15.4111,70.9932,602.881,77.6945,110.358,26.1979,496.17,39.083,46.4298,15.6821,31.6389,80.2282,35.8553,81.9718,40.0812,52.2424,155.395,78.466,50.8866,79.2652,76.6706,69.0968,79.4302,75.4047,78.2707,75.8714,80.0643,17.2944,75.5049,19.9848,79.0698,76.304,79.8689,75.0723,81.9615,12.59,67.1712,78.0315,75.8917,70.422,77.7483,75.433,74.7365,78.8307,75.0925,11.713,74.7057,74.6244,74.3725,74.7548,77.4204,79.6298,78.5474,74.927,26.0237,77.0474,70.4735,14.8574,144.259,55.1496,56.8142,18.9849,47.6294,33.7035,65.1461,76.6283,10.4492,14.727,39.7445,16.7847,10.2076,11.1926,15.4989
19.2356,114.263,16.4895,1354.19,108.859,262.095,8528.27,15.5572,22.246,106.205,113.792,29.6564,114.903,15.4788,103.547,182.759,112.923,76.5747,29.7645,568.043,46.7887,57.7996,15.8893,36.7206,117.186,42.4794,61.281,48.3039,66.5499,378.689,114.77,64.5722,115.912,111.069,100.836,116.045,109.362,114.585,109.927,117.055,17.6571,109.302,20.043,115.728,110.445,116.87,108.784,119.187,13.8852,98.0831,114.339,109.753,100.461,114.03,108.994,108.939,115.481,108.611,11.7647,108.16,107.836,107.264,109.006,113.658,116.624,115.173,108.165,28.3474,113.224,89.2899,15.945,332.606,71.6906,77.0072,18.402,39.8253,39.3971,95.2284,112.724,10.8986,13.9077,47.4198,15.6885,10.6127,12.6092,14.5978
8.70908,12.918,233.722,15.0383,11.9943,15.6568,15.5572,8528.27,7.93037,11.6182,12.2648,8.52583,14.5251,258.081,11.216,15.6587,11.7642,15.5462,8.33928,15.9045,9.37968,9.5989,244.953,8.905,14.799,9.16518,15.6563,9.34482,9.809,15.3867,14.954,9.61784,15.0891,10.2127,10.7766,14.6638,10.324,15.3399,10.0702,15.2208,724.833,9.6843,5.68031,15.4751,9.82674,15.6067,9.92394,13.0971,5.94336,10.2963,15.7259,9.44082,12.5085,16.1118,9.05489,12.1604,15.861,9.29834,0,9.53802,8.90486,8.28287,12.3263,16.4977,15.9926,16.2469,8.66896,25.7232,16.8836,11.6787,3.8408,17.8992,7.42836,10.366,7.75994,21.3171,5.98657,9.90706,17.2698,1.36125,7.57494,11.3571,23.1246,1.40128,0,22.4397
9.10427,27.6548,11.7225,21.8379,28.8975,20.0662,22.246,7.93037,8528.27,29.5428,27.5547,87.5301,27.6781,9.15867,30.1892,19.5798,27.5717,16.9386,84.8244,21.1905,41.6376,35.7957,10.3388,55.6102,27.1225,46.1198,15.9003,40.5705,32.5971,23.2077,27.675,33.2601,27.3972,27.0087,30.8486,27.4003,27.7343,27.6566,27.2865,27.1194,11.8984,27.1057,17.4073,27.3787,26.8279,27.1009,27.5643,26.3299,46.8252,31.518,27.6231,26.6302,29.8242,27.5747,26.4152,28.9284,27.3453,26.908,13.0423,27.3835,26.6887,25.9318,28.957,27.5113,27.0675,27.2969,26.1827,23.2289,27.4326,25.2037,72.569,23.4809,29.0649,32.9598,13.1845,14.0385,42.3747,32.2626,27.3386,31.249,9.2185,31.4505,8.43059,28.2754,17.89,8.18327
15.442,200.298,14.2098,98.1115,8528.27,72.8525,106.205,11.6182,29.5428,8528.27,267.7,43.3679,231.247,12.3196,8528.27,64.9268,229.149,42.4865,43.8148,87.536,86.8484,132.312,13.1691,59.0777,227.671,74.6856,36.8331,92.5739,178.868,150.479,234.808,168.784,232.966,212.509,8528.27,229.465,214.088,237.946,211.139,231.113,15.0356,206.871,23.0458,236.077,208.214,234.197,209.757,158.356,16.7455,8528.27,241.02,203.856,265.023,244.031,199.434,8528.27,239.124,202.539,14.1008,205.516,198.058,190.394,8528.27,246.978,237.217,242.108,194.947,28.2909,249.86,148.802,20.9095,156.223,243.835,133.39,19.4345,26.5095,70.1364,8528.27,252.678,14.7838,13.9961,55.9766,10.9085,14.3219,13.7016,10.3047
16.968,162.044,14.2803,105.193,263.239,78.227,113.792,12.2648,27.5547,267.7,8528.27,40.54,162.154,12.7193,272.115,69.6756,1398.47,45.647,40.9394,93.8596,81.4038,123.88,13.3999,55.2927,158.905,69.874,39.6131,86.7161,167.762,161.454,162.022,158.204,160.393,1265.95,276.561,160.53,1296.83,161.81,1264.41,158.765,15.1433,1231.46,23.4309,160.177,1232.97,158.544,1262.72,202.07,15.2789,281.019,161.508,1199.97,257.979,161.115,1166.97,261.537,159.87,1198.5,14.0776,1229.81,1164.88,1100.91,259.823,160.63,158.233,159.473,1133.95,27.4284,160.052,153.289,19.6456,167.133,229.199,128.731,20.166,28.3466,65.9445,283.854,159.377,13.894,14.8404,53.8521,11.6807,13.4795,12.5855,11.0117
11.1436,40.5271,12.0288,29.0517,42.4175,26.1383,29.6564,8.52583,87.5301,43.3679,40.54,8528.27,40.1752,9.64024,44.3198,25.2609,40.6753,21.1435,2137.21,27.8846,81.5971,61.1483,10.7285,154.369,39.3553,97.5284,19.6205,76.9229,53.4155,31.6294,40.0634,54.8364,39.6543,40.2489,45.2907,39.7653,41.2118,39.9391,40.6581,39.2451,12.3713,40.4954,20.9879,39.53,40.0862,39.1208,41.0672,38.6781,28.3759,46.2766,39.7922,39.9005,43.007,39.6225,39.6913,42.4214,39.3831,40.3096,14.6517,40.9045,40.0961,39.2013,42.422,39.4296,38.974,39.2133,39.4584,25.007,39.2132,37.0023,39.7507,31.5782,47.0369,46.1833,16.2152,16.2749,94.9838,47.3315,38.9728,23.4725,11.4343,39.2202,8.49167,22.0705,16.0079,8.18983
15.6349,1417.88,16.3563,105.733,235.411,78.6322,114.903,14.5251,27.6781,231.247,162.154,40.1752,8528.27,14.8269,227.015,69.965,157.407,45.5363,40.5198,94.7662,79.67,121.037,15.4916,54.4105,8528.27,68.6274,39.4647,84.846,163.376,163.141,8528.27,154.032,8528.27,154.302,222.633,8528.27,152.045,8528.27,152.702,8528.27,17.416,151.696,20.2956,8528.27,153.296,8528.27,151.102,213.94,16.307,218.116,8528.27,152.194,292.886,8528.27,150.994,233.984,8528.27,150.594,12.0381,150.096,149.369,148.287,232.543,8528.27,8528.27,8528.27,149.692,31.1526,8528.27,133.331,18.5397,172.45,217.253,146.172,17.5515,29.5181,62.1347,211.939,8528.27,12.0315,12.7984,61.2004,13.7386,11.6391,14.6425,12.9529
8.49578,13.3297,4129.83,14.9795,12.5971,15.4111,15.4788,258.081,9.15867,12.3196,12.7193,9.64024,14.8269,8528.27,12.0242,15.3806,12.2621,15.075,9.47443,15.7187,10.2563,10.4483,8528.27,9.91805,15.0318,10.1433,15.0885,10.2374,10.5489,15.3699,15.2296,10.4012,15.33,10.8055,11.7037,14.9306,10.9667,15.5919,10.6997,15.4278,191.484,10.3374,6.50741,15.6923,10.4431,15.7901,10.5912,13.3829,7.66105,11.3566,15.9542,10.0808,13.208,16.3165,9.71851,12.7531,16.0546,9.97504,2.5485,10.2289,9.60563,8.99371,12.9089,16.6788,16.1524,16.4169,9.35619,25.8666,17.0411,12.0121,4.7695,17.7226,8.24299,11.8826,7.97823,20.09,6.93138,11.1164,17.4037,2.15209,7.59051,13.5098,21.7207,2.15991,0,21.1017
14.9998,197.006,14.038,95.6613,8528.27,70.9932,103.547,11.216,30.1892,8528.27,272.115,44.3198,227.015,12.0242,8528.27,63.2882,232.542,41.4147,44.7856,85.3216,88.7422,135.255,12.9381,60.3751,223.384,76.3423,35.8935,94.6117,182.781,146.629,230.506,172.512,228.637,215.652,8528.27,225.205,217.349,233.58,214.309,226.757,14.8366,209.978,23.0818,231.684,211.294,229.776,212.954,157.885,17.1635,8528.27,236.591,206.871,264.973,239.538,202.385,8528.27,234.667,205.583,14.2133,208.65,201.036,193.214,8528.27,242.419,232.732,237.586,197.833,28.3224,245.235,148.349,21.3897,152.165,249.346,133.742,19.3257,25.8085,71.7369,8528.27,247.986,15.1806,13.8151,56.1775,10.5066,14.7017,13.9216,9.93264
22.8805,69.85,16.0511,211.802,66.5627,602.881,182.759,15.6587,19.5798,64.9268,69.6756,25.2609,69.965,15.3806,63.2882,8528.27,69.2198,133.852,25.3086,272.294,37.0051,43.3831,15.6254,30.3072,71.3713,34.0918,94.1493,37.8672,48.4226,124.468,69.8051,47.2338,70.5094,68.3668,61.6169,70.6681,67.2383,69.6208,67.6625,71.2137,17.2067,67.3521,19.9043,70.3251,68.0563,71.0294,66.9582,72.9595,12.3788,59.9199,69.3978,67.7058,63.0926,69.1358,67.3145,66.582,70.1021,67.0015,11.7235,66.6478,66.6021,66.4067,66.593,68.8344,70.8064,69.8401,66.8818,25.4137,68.493,64.6566,14.6593,116.545,50.7792,51.6465,19.0731,51.2302,32.1694,58.1301,68.1107,10.4225,14.8823,37.5799,17.057,10.1897,10.9694,15.6976
17.1085,161.682,13.8457,104.49,225.701,77.6945,112.923,11.7642,27.5717,229.149,1398.47,40.6753,157.407,12.2621,232.542,69.2198,8528.27,45.4086,41.0869,93.14,81.8718,124.636,12.9542,55.5534,154.196,70.2306,39.4142,87.2206,168.885,160.18,156.696,159.273,155.096,8528.27,235.939,155.802,8528.27,155.961,8528.27,153.496,14.6661,8528.27,24.0675,154.361,8528.27,152.761,8528.27,225.55,15.0858,239.322,155.134,8528.27,251.092,154.214,8528.27,223.993,153.534,8528.27,14.5061,8528.27,8528.27,8528.27,222.276,153.2,151.934,152.615,8528.27,26.6993,152.089,157.236,19.8903,165.061,231.87,125.349,20.6757,27.935,66.7829,241.009,150.879,14.2595,15.2247,52.4358,11.1165,13.8385,12.2173,10.4796
29.275,45.6738,15.3715,81.4453,43.5566,110.358,76.5747,15.5462,16.9386,42.4865,45.647,21.1435,45.5363,15.075,41.4147,133.852,45.4086,8528.27,21.1498,89.47,28.9573,32.5434,15.1392,24.623,46.4552,27.0121,326.133,29.4137,35.4941,64.5826,45.372,34.7611,45.8327,45.0664,40.3215,45.9958,44.2719,45.1972,44.6057,46.2934,16.4712,44.4575,19.1988,45.6579,44.9182,46.1186,44.1451,47.7635,10.8433,39.2115,44.9965,44.7445,41.5608,44.7697,44.5449,43.5464,45.4572,44.2838,11.5128,43.9969,44.0801,44.0667,43.5309,44.5162,45.9179,45.2304,44.3192,21.8361,44.2357,45.6966,13.3204,61.0594,36.6527,34.9354,19.4119,83.4749,25.9681,38.018,43.9274,9.89182,15.8146,28.2992,19.3052,9.71151,9.26374,17.4167
11.1418,40.9123,11.8829,29.1579,42.8455,26.1979,29.7645,8.33928,84.8244,43.8148,40.9394,2137.21,40.5198,9.47443,44.7856,25.3086,41.0869,21.1498,8528.27,27.9631,84.129,62.3892,10.5732,164.945,39.6834,101.247,19.6133,79.1027,54.3303,31.7775,40.3962,55.8045,39.979,40.6864,45.7757,40.1016,41.6594,40.2609,41.1036,39.5617,12.2168,40.9464,21.1547,39.8436,40.5292,39.4263,41.5209,39.0355,28.1237,46.7812,40.1024,40.3486,43.3743,39.9204,40.1443,42.8459,39.6851,40.7658,14.7851,41.3637,40.5573,39.6629,42.8429,39.7148,39.2678,39.5032,39.9159,24.8503,39.485,37.392,39.5039,31.6814,47.7977,46.5165,16.3234,16.1913,99.0281,47.8534,39.2306,23.6205,11.4901,39.2339,8.31944,22.2316,15.8647,8.02329
20.2967,94.2462,16.5798,984.65,89.7469,496.17,568.043,15.9045,21.1905,87.536,93.8596,27.8846,94.7662,15.7187,85.3216,272.294,93.14,89.47,27.9631,8528.27,42.7599,51.765,16.0559,34.1104,96.6683,39.0451,69.5327,43.9944,58.8657,227.661,94.6517,57.231,95.6035,91.6093,83.063,95.7173,90.1833,94.4945,90.6575,96.5552,17.7698,90.141,19.7155,95.4463,91.0928,96.3981,89.7058,98.3524,13.3561,80.7696,94.2858,90.5206,84.3832,94.0251,89.8915,89.8121,95.2375,89.5687,11.537,89.1893,88.9268,88.4579,89.8661,93.7121,96.1893,94.9769,89.2045,27.6444,93.3463,78.9984,15.3116,208.249,62.5141,66.8793,18.4,43.331,36.2643,78.39,92.9267,10.4963,14.0589,44.226,16.4549,10.2328,12.1379,15.2587
14.0583,81.0863,12.2798,45.4141,84.9576,39.083,46.7887,9.37968,41.6376,86.8484,81.4038,81.5971,79.67,10.2563,88.7422,37.0051,81.8718,28.9573,84.129,42.7599,8528.27,234.395,11.1624,176.294,78.0355,560.935,26.3147,1170.54,158.629,52.585,79.2449,168.06,78.4309,81.7366,90.6737,78.8528,83.467,78.813,82.5506,77.6169,12.8118,82.407,24.6752,77.999,81.593,77.185,83.3645,77.5942,18.9388,92.635,78.3336,81.4053,80.8736,77.8058,81.1732,84.8895,77.5196,82.2193,15.8165,83.221,81.9821,80.5737,84.8146,77.2286,76.7056,76.9918,80.8962,25.5747,76.601,70.6539,26.8411,52.031,122.179,77.3288,19.8517,20.1493,434.511,94.6577,75.9212,18.4105,14.2607,48.3829,8.69364,17.6719,13.2802,8.30146
14.8029,123.344,12.4264,55.6274,129.375,46.4298,57.7996,9.5989,35.7957,132.312,123.88,61.1483,121.037,10.4483,135.255,43.3831,124.636,32.5434,62.3892,51.765,234.395,8528.27,11.3348,101.254,118.497,163.889,29.2138,289.526,502.657,67.5516,120.346,598.079,119.082,124.529,138.256,119.767,127.191,119.647,125.794,117.817,13.0136,125.597,25.1231,118.383,124.332,117.118,127.059,117.946,17.4993,141.303,118.874,124.067,114.337,118.026,123.732,129.258,117.61,125.331,15.7894,126.861,124.989,122.854,129.13,117.099,116.345,116.761,123.328,25.7033,116.094,96.1186,24.4848,67.0531,262.359,96.6325,20.5101,21.7239,150.886,144.435,115.007,17.3136,14.7704,50.7303,8.80388,16.6932,12.8082,8.37637
8.39112,14.0068,8259.3,15.3793,13.3861,15.6821,15.8893,244.953,10.3388,13.1691,13.3999,10.7285,15.4916,8528.27,12.9381,15.6254,12.9542,15.1392,10.5732,16.0559,11.1624,11.3348,8528.27,10.9262,15.652,11.1261,15.0648,11.1539,11.3525,15.8187,15.8935,11.2324,15.9715,11.5002,12.6878,15.5729,11.7081,16.2552,11.4178,16.0473,187.88,11.0562,7.16524,16.3331,11.1385,16.4089,11.3332,13.9623,9.20838,12.4174,16.6169,10.7769,14.1183,16.9785,10.4152,13.5418,16.6948,10.6945,3.89725,10.9716,10.3258,9.69173,13.6973,17.3402,16.7706,17.0565,10.0535,28.0688,17.7018,12.5361,5.60989,18.1687,8.99686,13.3015,8.19783,19.6854,7.76377,12.2656,18.0637,2.79505,7.61105,15.4738,20.808,2.77424,0,20.1842
12.5393,55.1633,12.1469,35.8482,57.7822,31.6389,36.7206,8.905,55.6102,59.0777,55.2927,154.369,54.4105,9.91805,60.3751,30.3072,55.5534,24.623,164.945,34.1104,176.294,101.254,10.9262,8528.27,53.2916,261.307,22.6306,154.332,82.8755,40.02,54.181,85.8329,53.6233,55.247,61.6985,53.8511,56.4879,53.9415,55.8047,53.0657,12.5873,55.6526,23.0548,53.3839,55.0949,52.8262,56.3623,52.7145,22.7165,63.0422,53.6704,54.9121,57.3505,53.3671,54.6984,57.7585,53.1127,55.4698,15.3849,56.2102,55.2515,54.1764,57.7302,53.0312,52.5551,52.8095,54.4533,25.5348,52.662,49.8829,31.7947,39.7155,70.4435,59.2396,18.1327,18.0252,281.99,64.451,52.2585,20.5986,12.8829,44.3384,8.53295,19.6105,14.6343,8.1908
16.0095,1413.88,16.4731,107.837,231.89,80.2282,117.186,14.799,27.1225,227.671,158.905,39.3553,8528.27,15.0318,223.384,71.3713,154.196,46.4552,39.6834,96.6683,78.0355,118.497,15.652,53.2916,8528.27,67.1983,40.27,83.0872,159.996,166.448,8528.27,150.812,8528.27,151.084,218.945,8528.27,148.829,8528.27,149.484,8528.27,17.5522,148.477,20.2086,8528.27,150.077,8528.27,147.884,211,15.9507,214.371,8528.27,148.973,292.536,8528.27,147.771,230.486,8528.27,147.373,11.8997,146.877,146.146,145.06,229.069,8528.27,8528.27,8528.27,146.468,31.0829,8528.27,133.365,18.123,175.948,212.473,145.663,17.5965,30.1231,60.7453,208.155,8528.27,11.6835,12.9086,60.938,14.0895,11.3059,14.407,13.2778
13.2067,69.6741,12.3181,41.3003,73.0314,35.8553,42.4794,9.16518,46.1198,74.6856,69.874,97.5284,68.6274,10.1433,76.3423,34.0918,70.2306,27.0121,101.247,39.0451,560.935,163.889,11.1261,261.307,67.1983,8528.27,24.6351,379.265,121.554,47.1923,68.3102,127.453,67.5981,69.9238,78.0322,67.9129,71.4864,67.9823,70.6359,66.886,12.816,70.463,23.7741,67.2702,69.7509,66.5581,71.348,66.5693,20.6511,79.748,67.6137,69.539,71.1089,67.2037,69.2878,72.9921,66.9016,70.2511,15.4918,71.1751,69.9945,68.6655,72.9469,66.7515,66.1895,66.4916,68.9968,25.9258,66.2564,61.3656,28.591,46.837,97.6341,70.6056,18.9033,19.2029,2006.75,81.5378,65.717,19.2052,13.4541,47.5943,8.66233,18.3823,14.1163,8.29096
33.0105,39.6216,15.2022,64.4554,37.7712,81.9718,61.281,15.6563,15.9003,36.8331,39.6131,19.6205,39.4647,15.0885,35.8935,94.1493,39.4142,326.133,19.6133,69.5327,26.3147,29.2138,15.0648,22.6306,40.27,24.6351,8528.27,26.6692,31.6667,53.458,39.3103,31.0425,39.7142,39.1507,34.9352,39.8673,38.4447,39.1477,38.7468,40.118,16.2805,38.6262,18.5101,39.5516,39.03,39.9554,38.343,41.463,10.2394,33.9621,38.9623,38.887,36.1089,38.7538,38.7215,37.7585,39.3661,38.4832,11.1651,38.2223,38.3142,38.3216,37.741,38.5218,39.77,39.1576,38.5332,20.5254,38.2659,40.1941,12.6665,50.601,32.5344,30.4849,19.1792,114.552,23.7699,32.912,37.9855,9.48644,15.9433,25.3755,21.0897,9.32752,8.61176,18.8236
14.0952,86.3733,12.2798,46.819,90.5394,40.0812,48.3039,9.34482,40.5705,92.5739,86.7161,76.9229,84.846,10.2374,94.6117,37.8672,87.2206,29.4137,79.1027,43.9944,1170.54,289.526,11.1539,154.332,83.0872,379.265,26.6692,8528.27,181.975,54.6235,84.3876,194.324,83.5117,87.0783,96.6902,83.9666,88.9394,83.922,87.9542,82.6359,12.8166,87.8005,24.7249,83.0462,86.9246,82.1703,88.83,82.6163,18.7874,98.8006,83.4053,86.7234,85.4732,82.8365,86.4744,90.4657,82.5294,87.5993,15.8115,88.6763,87.3449,85.8309,90.3848,82.2146,81.6536,81.9606,86.1771,25.6256,81.5383,74.2263,26.4843,54.0745,135.541,80.4675,19.9148,20.3139,316.817,100.977,80.8059,18.2884,14.2878,48.911,8.65149,17.5693,13.2609,8.2572
15.8125,166.876,12.3621,63.7435,174.962,52.2424,66.5499,9.809,32.5971,178.868,167.762,53.4155,163.376,10.5489,182.781,48.4226,168.885,35.4941,54.3303,58.8657,158.629,502.657,11.3525,82.8755,159.996,121.554,31.6667,181.975,8528.27,79.8671,162.333,3363.45,160.651,169.16,186.772,161.686,172.592,161.29,170.842,158.969,12.9789,170.683,25.8232,159.608,169.002,157.926,172.523,159.808,16.0343,190.825,160.146,168.753,140.258,158.899,168.413,174.761,158.464,170.434,15.9929,172.365,170.087,167.458,174.546,157.546,156.782,157.217,167.982,25.0772,156.086,116.77,23.0135,79.2297,575.189,105.639,21.3966,23.0366,114.784,194.944,154.512,16.5626,15.5735,50.1458,8.84263,16.0092,11.9278,8.38736
18.4978,162.159,16.4607,297.025,154.323,155.395,378.689,15.3867,23.2077,150.479,161.454,31.6294,163.141,15.3699,146.629,124.468,160.18,64.5826,31.7775,227.661,52.585,67.5516,15.8187,40.02,166.448,47.1923,53.458,54.6235,79.8671,8528.27,162.963,77.1321,164.618,157.437,142.702,164.794,154.979,162.71,155.782,166.273,17.6073,154.863,20.2138,164.364,156.518,166.019,154.127,169.277,14.1956,138.715,162.366,155.501,134.06,161.933,154.386,154.445,164.021,153.847,11.8083,153.208,152.708,151.848,154.547,161.409,165.676,163.588,153.169,29.0152,160.793,105.785,16.3442,3183.76,88.5366,94.185,18.3321,36.6145,43.5399,134.586,160.084,10.9986,13.7776,51.2898,15.308,10.6957,12.8632,14.3019
15.2906,1377.98,16.7574,105.516,239.041,78.466,114.77,14.954,27.675,234.808,162.022,40.0634,8528.27,15.2296,230.506,69.8051,156.696,45.372,40.3962,94.6517,79.2449,120.346,15.8935,54.181,8528.27,68.3102,39.3103,84.3876,162.333,162.963,8528.27,153.04,8528.27,153.178,226.052,8528.27,151.03,8528.27,151.578,8528.27,17.8547,150.466,19.6843,8528.27,152.066,8528.27,149.978,209.309,16.4803,221.462,8528.27,150.854,299.753,8528.27,149.541,237.644,8528.27,149.254,11.6448,148.866,147.914,146.601,236.232,8528.27,8528.27,8528.27,148.125,31.8869,8528.27,129.409,18.292,172.944,214.572,149.62,17.0356,29.6508,61.2823,215.237,8528.27,11.6051,12.3915,62.6558,14.0507,11.2163,15.0582,13.2474
15.5612,157.361,12.2688,61.9112,165.063,50.8866,64.5722,9.61784,33.2601,168.784,158.204,54.8364,154.032,10.4012,172.512,47.2338,159.273,34.7611,55.8045,57.231,168.06,598.079,11.2324,85.8329,150.812,127.453,31.0425,194.324,3363.45,77.1321,153.04,8528.27,151.438,159.53,176.313,152.422,162.8,152.048,161.132,149.836,12.8688,160.98,25.8075,150.446,159.378,148.844,162.734,150.627,16.337,180.173,150.959,159.14,134.772,149.773,158.815,164.872,149.357,160.742,16.0545,162.582,160.41,157.903,164.668,148.486,147.755,148.171,158.403,25.0686,147.095,113.032,23.4105,76.444,485.906,103.704,21.2966,22.6132,120.081,184.097,145.598,16.8443,15.4536,50.0498,8.6521,16.2743,12.0679,8.2118
15.4807,1376.43,16.8135,106.569,237.226,79.2652,115.912,15.0891,27.3972,232.966,160.393,39.6543,8528.27,15.33,228.637,70.5094,155.096,45.8327,39.979,95.6035,78.4309,119.082,15.9715,53.6233,8528.27,67.5981,39.7142,83.5117,160.651,164.618,8528.27,151.438,8528.27,151.579,224.156,8528.27,149.43,8528.27,149.978,8528.27,17.9202,148.866,19.6471,8528.27,150.466,8528.27,148.379,207.912,16.3007,219.537,8528.27,149.254,299.535,8528.27,147.941,235.841,8528.27,147.654,11.5798,147.266,146.314,145.001,234.44,8528.27,8528.27,8528.27,146.525,31.8474,8528.27,129.466,18.0857,174.688,212.203,149.344,17.0634,29.9521,60.5944,213.293,8528.27,11.4346,12.451,62.5156,14.2235,11.0531,14.9386,13.4073
17.7905,161.565,12.3945,103.136,209.309,76.6706,111.069,10.2127,27.0087,212.509,1265.95,40.2489,154.302,10.8055,215.652,68.3668,8528.27,45.0664,40.6864,91.6093,81.7366,124.529,11.5002,55.247,151.084,69.9238,39.1507,87.0783,169.16,157.437,153.178,159.53,151.579,8528.27,218.792,152.693,8528.27,152.066,8528.27,149.979,13.0789,8528.27,26.2787,150.466,8528.27,148.866,8528.27,239.041,13.931,221.913,150.854,8528.27,226.249,149.541,8528.27,207.494,149.254,8528.27,15.9291,8528.27,8528.27,8528.27,205.671,148.125,147.654,147.941,8528.27,24.0428,146.602,171.423,20.2954,159.454,236.05,112.874,22.542,26.7623,68.2102,223.207,144.967,15.1313,16.6967,47.1706,9.02593,14.702,10.7134,8.49493
14.5488,193.58,13.851,93.1622,8528.27,69.0968,100.836,10.7766,30.8486,8528.27,276.561,45.2907,222.633,11.7037,8528.27,61.6169,235.939,40.3215,45.7757,83.063,90.6737,138.256,12.6878,61.6985,218.945,78.0322,34.9352,96.6902,186.772,142.702,226.052,176.313,224.156,218.792,8528.27,220.795,220.612,229.062,217.477,222.247,14.6202,213.081,23.1055,227.137,214.369,225.201,216.15,157.315,17.5898,8528.27,232.007,209.881,264.773,234.887,205.328,8528.27,230.055,208.621,14.3184,211.781,204.007,196.022,8528.27,237.701,228.091,232.907,200.709,28.3387,240.449,147.799,21.8794,148.026,254.968,134.025,19.2027,25.0934,73.3693,8528.27,243.132,15.5854,13.618,56.3502,10.0966,15.089,14.1324,9.55313
15.8222,1415.95,16.4156,106.785,233.656,79.4302,116.045,14.6638,27.4003,229.465,160.53,39.7653,8528.27,14.9306,225.205,70.6681,155.802,45.9958,40.1016,95.7173,78.8528,119.767,15.5729,53.8511,8528.27,67.9129,39.8673,83.9666,161.686,164.794,8528.27,152.422,8528.27,152.693,220.795,8528.27,150.437,8528.27,151.093,8528.27,17.4851,150.087,20.2533,8528.27,151.687,8528.27,149.493,212.475,16.1289,216.25,8528.27,150.584,292.724,8528.27,149.382,232.241,8528.27,148.984,11.9699,148.487,147.758,146.674,230.812,8528.27,8528.27,8528.27,148.08,31.1192,8528.27,133.355,18.3314,174.199,214.863,145.924,17.575,29.8206,61.44,210.053,8528.27,11.8575,12.8545,61.0722,13.9141,11.4725,14.5263,13.1154
17.2538,158.485,12.6472,101.469,210.77,75.4047,109.362,10.324,27.7343,214.088,1296.83,41.2118,152.045,10.9667,217.349,67.2383,8528.27,44.2719,41.6594,90.1833,83.467,127.191,11.7081,56.4879,148.829,71.4864,38.4447,88.9394,172.592,154.979,151.03,162.8,149.43,8528.27,220.612,150.437,8528.27,150.017,8528.27,147.83,13.3466,8528.27,25.7709,148.417,8528.27,146.817,8528.27,232.072,14.6152,223.857,148.908,8528.27,232.957,147.7,8528.27,209.006,147.308,8528.27,15.6827,8528.27,8528.27,8528.27,207.233,146.391,145.708,146.1,8528.27,24.7921,144.978,167.575,20.6219,157.584,239.916,116.572,21.9949,26.4941,69.2791,225.339,143.458,15.2683,16.1886,48.7781,9.28537,14.8261,11.3254,8.75095
14.9606,1342.07,17.1184,105.259,242.241,78.2707,114.585,15.3399,27.6566,237.946,161.81,39.9391,8528.27,15.5919,233.58,69.6208,155.961,45.1972,40.2609,94.4945,78.813,119.647,16.2552,53.9415,8528.27,67.9823,39.1477,83.922,161.29,162.71,8528.27,152.048,8528.27,152.066,229.062,8528.27,150.017,8528.27,150.466,8528.27,18.2495,149.254,19.1343,8528.27,150.854,8528.27,148.866,205.076,16.6241,224.405,8528.27,149.541,305.932,8528.27,148.125,240.871,8528.27,147.941,11.2908,147.654,146.496,144.968,239.486,8528.27,8528.27,8528.27,146.602,32.5477,8528.27,125.881,18.0532,173.288,211.981,152.723,16.5714,29.7524,60.461,218.136,8528.27,11.1941,12.0254,63.9655,14.3143,10.8081,15.4323,13.496
17.6004,159.939,12.3348,102.083,207.912,75.8714,109.927,10.0702,27.2865,211.139,1264.41,40.6581,152.702,10.6997,214.309,67.6625,8528.27,44.6057,41.1036,90.6575,82.5506,125.794,11.4178,55.8047,149.484,70.6359,38.7468,87.9542,170.842,155.782,151.578,161.132,149.978,8528.27,217.477,151.093,8528.27,150.466,8528.27,148.378,13.0093,8528.27,26.3111,148.866,8528.27,147.266,8528.27,237.226,14.1106,220.626,149.254,8528.27,226.414,147.941,8528.27,206.109,147.654,8528.27,15.9903,8528.27,8528.27,8528.27,204.297,146.525,146.054,146.341,8528.27,24.0764,145.002,171.335,20.5018,157.71,238.419,113.122,22.5101,26.461,68.8981,221.963,143.367,15.3018,16.6334,47.2986,8.85318,14.8652,10.8269,8.335
15.6708,1374.72,16.8676,107.622,235.4,80.0643,117.055,15.2208,27.1194,231.113,158.765,39.2451,8528.27,15.4278,226.757,71.2137,153.496,46.2934,39.5617,96.5552,77.6169,117.817,16.0473,53.0657,8528.27,66.886,40.118,82.6359,158.969,166.273,8528.27,149.836,8528.27,149.979,222.247,8528.27,147.83,8528.27,148.378,8528.27,17.9836,147.266,19.6075,8528.27,148.866,8528.27,146.779,206.503,16.121,217.6,8528.27,147.654,299.29,8528.27,146.341,234.026,8528.27,146.054,11.5128,145.666,144.714,143.401,232.637,8528.27,8528.27,8528.27,144.925,31.8051,8528.27,129.508,17.8793,176.432,209.834,149.054,17.0891,30.2534,59.9065,211.337,8528.27,11.264,12.5085,62.3693,14.3963,10.8898,14.8158,13.5672
8.88574,15.8037,186.197,17.0894,15.2216,17.2944,17.6571,724.833,11.8984,15.0356,15.1433,12.3713,17.416,191.484,14.8366,17.2067,14.6661,16.4712,12.2168,17.7698,12.8118,13.0136,187.88,12.5873,17.5522,12.816,16.2805,12.8166,12.9789,17.6073,17.8547,12.8688,17.9202,13.0789,14.6202,17.4851,13.3466,18.2495,13.0093,17.9836,8528.27,12.6145,8.04088,18.315,12.6842,18.3784,12.9374,15.6688,10.6739,14.386,18.6443,12.2894,16.2131,19.0391,11.8946,15.3916,18.7098,12.2197,4.92927,12.5426,11.8172,11.1049,15.5614,19.4338,18.7732,19.1045,11.4998,36.445,19.8286,13.95,6.64261,20.1781,10.3796,15.8209,8.73653,20.7333,9.06646,14.2892,20.2237,3.51182,7.90161,19.0848,20.6717,3.46386,94.0129,19.9367
17.7394,159.685,11.9738,101.599,203.706,75.5049,109.302,9.6843,27.1057,206.871,1231.46,40.4954,151.696,10.3374,209.978,67.3521,8528.27,44.4575,40.9464,90.141,82.407,125.597,11.0562,55.6526,148.477,70.463,38.6262,87.8005,170.683,154.863,150.466,160.98,148.866,8528.27,213.081,150.087,8528.27,149.254,8528.27,147.266,12.6145,8528.27,26.8611,147.654,8528.27,146.054,8528.27,240.4,13.7773,216.164,147.941,8528.27,220.235,146.525,8528.27,201.876,146.341,8528.27,16.3442,8528.27,8528.27,8528.27,200.037,145.002,144.741,144.925,8528.27,23.4156,143.369,174.864,20.5733,156.03,239.126,110.018,22.9743,26.1159,69.155,217.401,141.621,15.486,16.9995,45.9889,8.21237,15.048,10.4529,7.72308
15.5555,22.517,7.92539,20.695,22.9969,19.9848,20.043,5.68031,17.4073,23.0458,23.4309,20.9879,20.2956,6.50741,23.0818,19.9043,24.0675,19.1988,21.1547,19.7155,24.6752,25.1231,7.16524,23.0548,20.2086,23.7741,18.5101,24.7249,25.8232,20.2138,19.6843,25.8075,19.6471,26.2787,23.1055,20.2533,25.7709,19.1343,26.3111,19.6075,8.04088,26.8611,8528.27,19.0971,26.8287,19.0574,26.341,22.9162,9.73763,23.1159,18.5843,27.3787,20.9502,18.0343,27.9287,22.7601,18.5471,27.4111,41.7886,26.891,27.9719,29.029,22.5234,17.4843,18.5074,17.9971,28.4788,12.4843,16.9343,27.4169,19.8787,16.8669,29.8247,19.6135,125.806,12.1518,29.5699,22.8751,16.3839,18.73,41.3338,16.2173,4.37595,18.3564,8.27331,4.27101
15.1507,1340.55,17.1744,106.312,240.4,79.0698,115.728,15.4751,27.3787,236.077,160.177,39.53,8528.27,15.6923,231.684,70.3251,154.361,45.6579,39.8436,95.4463,77.999,118.383,16.3331,53.3839,8528.27,67.2702,39.5516,83.0462,159.608,164.364,8528.27,150.446,8528.27,150.466,227.137,8528.27,148.417,8528.27,148.866,8528.27,18.315,147.654,19.0971,8528.27,149.254,8528.27,147.266,203.706,16.4444,222.452,8528.27,147.941,305.714,8528.27,146.525,239.041,8528.27,146.341,11.2258,146.054,144.896,143.368,237.668,8528.27,8528.27,8528.27,145.002,32.5082,8528.27,125.937,17.8468,175.032,209.613,152.447,16.5992,30.0538,59.7731,216.164,8528.27,11.0235,12.0848,63.8253,14.4871,10.6449,15.3126,13.6559
17.9295,161.315,12.0336,102.652,205.076,76.304,110.445,9.82674,26.8279,208.214,1232.97,40.0862,153.296,10.4431,211.294,68.0563,8528.27,44.9182,40.5292,91.0928,81.593,124.332,11.1385,55.0949,150.077,69.7509,39.03,86.9246,169.002,156.518,152.066,159.378,150.466,8528.27,214.369,151.687,8528.27,150.854,8528.27,148.866,12.6842,8528.27,26.8287,149.254,8528.27,147.654,8528.27,242.241,13.5976,217.423,149.541,8528.27,220.07,148.125,8528.27,203.235,147.941,8528.27,16.2831,8528.27,8528.27,8528.27,201.384,146.602,146.341,146.525,8528.27,23.382,144.969,174.951,20.3669,157.774,236.757,109.771,23.0062,26.4173,68.4671,218.617,143.221,15.3154,17.0628,45.8609,8.38513,14.8847,10.3393,7.88301
15.3407,1338.88,17.2286,107.366,238.547,79.8689,116.87,15.6067,27.1009,234.197,158.544,39.1208,8528.27,15.7901,229.776,71.0294,152.761,46.1186,39.4263,96.3981,77.185,117.118,16.4089,52.8262,8528.27,66.5581,39.9554,82.1703,157.926,166.019,8528.27,148.844,8528.27,148.866,225.201,8528.27,146.817,8528.27,147.266,8528.27,18.3784,146.054,19.0574,8528.27,147.654,8528.27,145.666,202.324,16.2648,220.487,8528.27,146.341,305.469,8528.27,144.925,237.2,8528.27,144.741,11.1589,144.454,143.296,141.768,235.838,8528.27,8528.27,8528.27,143.402,32.4659,8528.27,125.979,17.6405,176.777,207.244,152.157,16.6249,30.3551,59.0852,214.179,8528.27,10.8529,12.1424,63.679,14.6598,10.4816,15.1899,13.8159
17.4104,158.312,12.2731,101.03,206.503,75.0723,108.784,9.92394,27.5643,209.757,1262.72,41.0672,151.102,10.5912,212.954,66.9582,8528.27,44.1451,41.5209,89.7058,83.3645,127.059,11.3332,56.3623,147.884,71.348,38.343,88.83,172.523,154.127,149.978,162.734,148.379,8528.27,216.15,149.493,8528.27,148.866,8528.27,146.779,12.9374,8528.27,26.341,147.266,8528.27,145.666,8528.27,235.4,14.2903,219.328,147.654,8528.27,226.552,146.341,8528.27,204.712,146.054,8528.27,16.0496,8528.27,8528.27,8528.27,202.911,144.925,144.454,144.741,8528.27,24.1072,143.402,171.233,20.7082,155.966,240.788,113.355,22.4761,26.1597,69.586,220.708,141.767,15.4724,16.5681,47.4205,8.68043,15.0284,10.9376,8.17508
17.7124,259.996,14.7433,110.115,158.737,81.9615,119.187,13.0971,26.3299,158.356,202.07,38.6781,213.94,13.3829,157.885,72.9595,225.55,47.7635,39.0355,98.3524,77.5942,117.946,13.9623,52.7145,211,66.5693,41.463,82.6163,159.808,169.277,209.309,150.627,207.912,239.041,157.315,212.475,232.072,205.076,237.226,206.503,15.6688,240.4,22.9162,203.706,242.241,202.324,235.4,8528.27,14.5928,156.64,200.781,245.379,260.523,196.423,248.453,157.137,199.438,243.511,13.5555,238.546,246.617,254.412,155.537,192,198.083,195.107,251.464,27.626,187.514,151.349,18.6121,175.761,217.41,129.239,20.0039,29.8652,62.4873,154.213,182.96,12.9503,14.8831,53.9567,12.7169,12.5714,12.2414,11.9756
3.17673,15.6324,10.8577,13.4834,16.3282,12.59,13.8852,5.94336,46.8252,16.7455,15.2789,28.3759,16.307,7.66105,17.1635,12.3788,15.0858,10.8433,28.1237,13.3561,18.9388,17.4993,9.20838,22.7165,15.9507,20.6511,10.2394,18.7874,16.0343,14.1956,16.4803,16.337,16.3007,13.931,17.5898,16.1289,14.6152,16.6241,14.1106,16.121,10.6739,13.7773,9.73763,16.4444,13.5976,16.2648,14.2903,14.5928,8528.27,18.0227,16.7566,13.2433,17.4586,16.878,12.8664,16.4225,16.5769,13.423,7.63906,13.9569,13.0384,12.0361,16.5146,16.9887,16.3972,16.6984,12.4649,19.4865,17.0889,13.4508,87.4509,15.2551,12.5159,20.1559,7.00851,10.6862,14.7414,18.5786,17.1787,0,4.48042,21.7425,8.19782,0,20.6469,8.03057
14.0909,190.028,13.6482,90.6246,8528.27,67.1712,98.0831,10.2963,31.518,8528.27,281.019,46.2766,218.116,11.3566,8528.27,59.9199,239.322,39.2115,46.7812,80.7696,92.635,141.303,12.4174,63.0422,214.371,79.748,33.9621,98.8006,190.825,138.715,221.462,180.173,219.537,221.913,8528.27,216.25,223.857,224.405,220.626,217.6,14.386,216.164,23.1159,222.452,217.423,220.487,219.328,156.64,18.0227,8528.27,227.283,212.867,264.418,230.095,208.246,8528.27,225.301,211.636,14.4153,214.893,206.953,198.802,8528.27,232.84,223.308,228.085,203.559,28.3389,235.518,147.151,22.3767,143.823,260.675,134.236,19.0651,24.3674,75.0269,8528.27,238.129,15.9965,13.4047,56.4926,9.68035,15.4823,14.3331,9.16778
14.6101,1306.15,17.4794,104.945,245.379,78.0315,114.339,15.7259,27.6231,241.02,161.508,39.7922,8528.27,15.9542,236.591,69.3978,155.134,44.9965,40.1024,94.2858,78.3336,118.874,16.6169,53.6704,8528.27,67.6137,38.9623,83.4053,160.146,162.366,8528.27,150.959,8528.27,150.854,232.007,8528.27,148.908,8528.27,149.254,8528.27,18.6443,147.941,18.5843,8528.27,149.541,8528.27,147.654,200.781,16.7566,227.283,8528.27,148.125,312.111,8528.27,146.602,244.036,8528.27,146.525,10.9369,146.341,144.971,143.221,242.678,8528.27,8528.27,8528.27,144.969,33.2085,8528.27,122.352,17.7986,173.538,209.216,155.826,16.1072,29.8375,59.5862,220.969,8528.27,10.7542,11.6593,65.2751,14.5624,10.3704,15.8063,13.7301
18.0569,160.976,11.6726,102.107,200.781,75.8917,109.753,9.44082,26.6302,203.856,1199.97,39.9005,152.194,10.0808,206.871,67.7058,8528.27,44.7445,40.3486,90.5206,81.4053,124.067,10.7769,54.9121,148.973,69.539,38.887,86.7234,168.753,155.501,150.854,159.14,149.254,8528.27,209.881,150.584,8528.27,149.541,8528.27,147.654,12.2894,8528.27,27.3787,147.941,8528.27,146.341,8528.27,245.379,13.2433,212.867,148.125,8528.27,213.891,146.602,8528.27,198.912,146.525,8528.27,16.637,8528.27,8528.27,8528.27,197.034,144.969,144.925,145.002,8528.27,22.7212,143.222,178.48,20.4271,155.973,237.335,106.667,23.4704,26.0494,68.6858,213.96,141.356,15.4875,17.4289,44.5513,7.67484,15.0558,9.96519,7.2018
14.6861,268.185,15.2305,92.4355,264.931,70.422,100.461,12.5085,29.8242,265.023,257.979,43.007,292.886,13.208,264.973,63.0926,251.092,41.5608,43.3743,84.3832,80.8736,114.337,14.1183,57.3505,292.536,71.1089,36.1089,85.4732,140.258,134.06,299.753,134.772,299.535,226.249,264.773,292.724,232.957,305.932,226.414,299.29,16.2131,220.235,20.9502,305.714,220.07,305.469,226.552,260.523,17.4586,264.418,312.111,213.891,8528.27,318.29,207.712,267.591,311.893,214.055,13.2088,220.373,207.755,195.35,270.252,324.47,311.648,318.072,201.532,32.0033,330.649,93.708,20.3242,149.792,146.149,270.746,17.8765,27.2164,62.1981,266.53,336.832,14.024,13.0401,71.7865,11.6833,13.5911,14.791,11.0025
14.2375,1270.22,17.8404,104.573,248.454,77.7483,114.03,16.1118,27.5747,244.031,161.115,39.6225,8528.27,16.3165,239.538,69.1358,154.214,44.7697,39.9204,94.0251,77.8058,118.026,16.9785,53.3671,8528.27,67.2037,38.7538,82.8365,158.899,161.933,8528.27,149.773,8528.27,149.541,234.887,8528.27,147.7,8528.27,147.941,8528.27,19.0391,146.525,18.0343,8528.27,148.125,8528.27,146.341,196.423,16.878,230.095,8528.27,146.602,318.29,8528.27,144.969,247.138,8528.27,145.002,10.5829,144.925,143.335,141.356,245.807,8528.27,8528.27,8528.27,143.222,33.8693,8528.27,118.823,17.5276,173.694,206.27,158.929,15.643,29.9062,58.6554,223.736,8528.27,10.2818,11.2932,66.5848,14.7959,9.89953,16.1804,13.9505
18.1729,160.546,11.3116,101.502,196.422,75.433,108.994,9.05489,26.4152,199.434,1166.97,39.6913,150.994,9.71851,202.385,67.3145,8528.27,44.5449,40.1443,89.8915,81.1732,123.732,10.4152,54.6984,147.771,69.2878,38.7215,86.4744,168.413,154.386,149.541,158.815,147.941,8528.27,205.328,149.382,8528.27,148.125,8528.27,146.341,11.8946,8528.27,27.9287,146.525,8528.27,144.925,8528.27,248.453,12.8664,208.246,146.602,8528.27,207.712,144.969,8528.27,194.527,145.002,8528.27,16.991,8528.27,8528.27,8528.27,192.621,143.222,143.402,143.369,8528.27,22.0604,141.357,182.009,20.4759,154.048,237.784,103.564,23.9346,25.6577,68.8668,209.237,139.368,15.648,17.7951,43.2416,6.87508,15.2154,9.59111,6.42985
15.7852,201.971,14.5255,100.595,8528.27,74.7365,108.939,12.1604,28.9284,8528.27,261.537,42.4214,233.984,12.7531,8528.27,66.582,223.993,43.5464,42.8459,89.8121,84.8895,129.258,13.5418,57.7585,230.486,72.9921,37.7585,90.4657,174.761,154.445,237.644,164.872,235.841,207.494,8528.27,232.241,209.006,240.871,206.109,234.026,15.3916,201.876,22.7601,239.041,203.235,237.2,204.712,157.137,16.4225,8528.27,244.036,198.912,267.591,247.138,194.527,8528.27,242.179,197.58,13.8266,200.506,193.136,185.561,8528.27,250.176,240.31,245.253,190.077,28.5286,253.15,147.653,20.3636,160.675,237.623,134.302,19.3317,27.2984,68.3079,8528.27,256.062,14.2659,14.0077,56.3084,11.4737,13.8225,13.6291,10.831
14.8001,1304.67,17.5354,105.998,243.51,78.8307,115.481,15.861,27.3453,239.124,159.87,39.3831,8528.27,16.0546,234.667,70.1021,153.534,45.4572,39.6851,95.2375,77.5196,117.61,16.6948,53.1127,8528.27,66.9016,39.3661,82.5294,158.464,164.021,8528.27,149.357,8528.27,149.254,230.055,8528.27,147.308,8528.27,147.654,8528.27,18.7098,146.341,18.5471,8528.27,147.941,8528.27,146.054,199.438,16.5769,225.301,8528.27,146.525,311.893,8528.27,145.002,242.179,8528.27,144.925,10.8719,144.741,143.371,141.621,240.832,8528.27,8528.27,8528.27,143.369,33.169,8528.27,122.409,17.5923,175.282,206.848,155.55,16.135,30.1389,58.8983,218.969,8528.27,10.5836,11.7187,65.1349,14.7352,10.2072,15.6867,13.8901
17.8668,159.342,11.6128,101.054,199.437,75.0925,108.611,9.29834,26.908,202.539,1198.5,40.3096,150.594,9.97504,205.583,67.0015,8528.27,44.2838,40.7658,89.5687,82.2193,125.331,10.6945,55.4698,147.373,70.2511,38.4832,87.5993,170.434,153.847,149.254,160.742,147.654,8528.27,208.621,148.984,8528.27,147.941,8528.27,146.054,12.2197,8528.27,27.4111,146.341,8528.27,144.741,8528.27,243.511,13.423,211.636,146.525,8528.27,214.055,145.002,8528.27,197.58,144.925,8528.27,16.6982,8528.27,8528.27,8528.27,195.714,143.368,143.325,143.402,8528.27,22.7548,141.622,178.393,20.6334,154.229,239.704,106.915,23.4385,25.748,69.3738,212.773,139.755,15.6581,17.3657,44.6791,7.50202,15.219,10.0787,7.0418
